[gd_scene format=3 uid="uid://chfhme16t710h"]

[ext_resource type="Script" uid="uid://bgid78vpr0p3s" path="res://character/crawler_bot/CrawlerCharacter.gd" id="1_3kbc3"]
[ext_resource type="PackedScene" uid="uid://bj6jpa4vhoqrd" path="res://character/crawler_bot/big_crawler.glb" id="2_2g2re"]
[ext_resource type="Texture2D" uid="uid://bs0wm5rj1jdy2" path="res://texture/dev/grid_red.png" id="2_welis"]
[ext_resource type="Script" uid="uid://bco1liolqoebw" path="res://character/crawler_bot/CrawlerLeg.gd" id="3_cfulw"]
[ext_resource type="Texture2D" uid="uid://c4kyalj0xhphu" path="res://texture/dev/grid_blue.png" id="5_eqa8u"]

[sub_resource type="CapsuleShape3D" id="CapsuleShape3D_3kbc3"]
radius = 0.3

[sub_resource type="JointLimitationCone3D" id="JointLimitationCone3D_otx80"]
resource_name = "60deg"
angle = 1.0471975511966

[sub_resource type="JointLimitationCone3D" id="JointLimitationCone3D_6axhd"]
resource_name = "70deg"
angle = 1.2217304763960306

[sub_resource type="JointLimitationCone3D" id="JointLimitationCone3D_ea62k"]
resource_name = "120deg"
angle = 2.0943951023932

[sub_resource type="SphereShape3D" id="SphereShape3D_welis"]
resource_name = "LegCastShape"
radius = 0.2

[sub_resource type="StandardMaterial3D" id="StandardMaterial3D_2g2re"]
albedo_texture = ExtResource("2_welis")
uv1_triplanar = true

[sub_resource type="BoxMesh" id="BoxMesh_3dq5s"]
material = SubResource("StandardMaterial3D_2g2re")
size = Vector3(0.5, 1.5, 0.2)

[sub_resource type="StandardMaterial3D" id="StandardMaterial3D_xefeq"]
albedo_texture = ExtResource("5_eqa8u")
uv1_triplanar = true

[sub_resource type="BoxMesh" id="BoxMesh_ro1ip"]
material = SubResource("StandardMaterial3D_xefeq")
size = Vector3(0.4, 0.2, 0.3)

[sub_resource type="BoxMesh" id="BoxMesh_welis"]
material = SubResource("StandardMaterial3D_2g2re")
size = Vector3(0.06, 0.25, 0.06)

[sub_resource type="BoxMesh" id="BoxMesh_2g2re"]
material = SubResource("StandardMaterial3D_2g2re")
size = Vector3(0.1, 0.8, 0.06)

[sub_resource type="BoxMesh" id="BoxMesh_a3xbf"]
material = SubResource("StandardMaterial3D_2g2re")
size = Vector3(0.2, 1.7, 0.12)

[node name="CrawlerBot" type="RigidBody3D" unique_id=461561025 node_paths=PackedStringArray("leg_ik")]
collision_mask = 17
mass = 64.0
custom_integrator = true
continuous_cd = true
script = ExtResource("1_3kbc3")
leg_ik = NodePath("big_crawler/Skeleton3D/CCDIK3D")
body_height_offset = 0.9
acceleration = 6.0
deceleration = 10.0
metadata/_custom_type_script = "uid://gy5qwm8j5pbh"

[node name="CollisionShape3D" type="CollisionShape3D" parent="." unique_id=396952384]
transform = Transform3D(1, 0, 0, 0, 0, 1, 0, -1, 0, 0, 0.9, 0)
shape = SubResource("CapsuleShape3D_3kbc3")

[node name="big_crawler" parent="." unique_id=1739686264 instance=ExtResource("2_2g2re")]

[node name="Skeleton3D" parent="big_crawler" index="0" unique_id=1808933544]
modifier_callback_mode_process = 0

[node name="CCDIK3D" type="CCDIK3D" parent="big_crawler/Skeleton3D" index="0" unique_id=89345736]
active = false
max_iterations = 3
setting_count = 6
settings/0/target_node = NodePath("../LegTargets/FrontLegPair/FL_Leg/FL_Target")
settings/0/rest_correction_angle = 0.017453292
settings/1/target_node = NodePath("../LegTargets/FrontLegPair/FR_Leg/FR_Target")
settings/1/rest_correction_angle = 0.017453292
settings/2/target_node = NodePath("../LegTargets/MiddleLegPair/ML_Leg/ML_Target")
settings/2/rest_correction_angle = 0.017453292
settings/3/target_node = NodePath("../LegTargets/MiddleLegPair/MR_Leg/MR_Target")
settings/3/rest_correction_angle = 0.017453292
settings/4/target_node = NodePath("../LegTargets/BackLegPair/BL_Leg/BL_Target")
settings/4/rest_correction_angle = 0.017453292
settings/5/target_node = NodePath("../LegTargets/BackLegPair/BR_Leg/BR_Target")
settings/5/rest_correction_angle = 0.017453292
settings/0/root_bone_name = "FrontLeftCoxa"
settings/0/root_bone = 9
settings/0/end_bone_name = "FrontLeftTarsus_leaf"
settings/0/end_bone = 13
settings/0/extend_end_bone = false
settings/0/joint_count = 5
settings/1/root_bone_name = "FrontRightCoxa"
settings/1/root_bone = 3
settings/1/end_bone_name = "FrontRightTarsus_leaf"
settings/1/end_bone = 7
settings/1/extend_end_bone = false
settings/1/joint_count = 5
settings/2/root_bone_name = "MiddleLeftCoxa"
settings/2/root_bone = 21
settings/2/end_bone_name = "MiddleLeftTarsus_leaf"
settings/2/end_bone = 25
settings/2/extend_end_bone = false
settings/2/joint_count = 5
settings/3/root_bone_name = "MiddleRightCoxa"
settings/3/root_bone = 15
settings/3/end_bone_name = "MiddleRightTarsus_leaf"
settings/3/end_bone = 19
settings/3/extend_end_bone = false
settings/3/joint_count = 5
settings/4/root_bone_name = "BackLeftCoxa"
settings/4/root_bone = 27
settings/4/end_bone_name = "BackLeftTarsus_leaf"
settings/4/end_bone = 31
settings/4/extend_end_bone = false
settings/4/joint_count = 5
settings/5/root_bone_name = "BackRightCoxa"
settings/5/root_bone = 33
settings/5/end_bone_name = "BackRightTarsus_leaf"
settings/5/end_bone = 37
settings/5/extend_end_bone = false
settings/5/joint_count = 5
settings/0/joints/0/rotation_axis = 2
settings/0/joints/0/limitation = SubResource("JointLimitationCone3D_otx80")
settings/0/joints/0/limitation/right_axis = 0
settings/0/joints/0/limitation/rotation_offset = Quaternion(0, 0, 0, 1)
settings/0/joints/1/rotation_axis = 0
settings/0/joints/1/limitation = SubResource("JointLimitationCone3D_6axhd")
settings/0/joints/1/limitation/right_axis = 0
settings/0/joints/1/limitation/rotation_offset = Quaternion(0.17364817766693, 0, 0, 0.98480775301221)
settings/0/joints/2/rotation_axis = 0
settings/0/joints/2/limitation = SubResource("JointLimitationCone3D_ea62k")
settings/0/joints/2/limitation/right_axis = 0
settings/0/joints/2/limitation/rotation_offset = Quaternion(0, 0, 0, 1)
settings/0/joints/3/rotation_axis = 0
settings/0/joints/3/limitation = SubResource("JointLimitationCone3D_ea62k")
settings/0/joints/3/limitation/right_axis = 0
settings/0/joints/3/limitation/rotation_offset = Quaternion(0, 0, 0, 1)
settings/0/joints/4/rotation_axis = 3
settings/0/joints/4/limitation = null
settings/1/joints/0/rotation_axis = 2
settings/1/joints/0/limitation = SubResource("JointLimitationCone3D_otx80")
settings/1/joints/0/limitation/right_axis = 0
settings/1/joints/0/limitation/rotation_offset = Quaternion(0, 0, 0, 1)
settings/1/joints/1/rotation_axis = 0
settings/1/joints/1/limitation = SubResource("JointLimitationCone3D_6axhd")
settings/1/joints/1/limitation/right_axis = 0
settings/1/joints/1/limitation/rotation_offset = Quaternion(0.17364817766693, 0, 0, 0.98480775301221)
settings/1/joints/2/rotation_axis = 0
settings/1/joints/2/limitation = SubResource("JointLimitationCone3D_ea62k")
settings/1/joints/2/limitation/right_axis = 0
settings/1/joints/2/limitation/rotation_offset = Quaternion(0, 0, 0, 1)
settings/1/joints/3/rotation_axis = 0
settings/1/joints/3/limitation = SubResource("JointLimitationCone3D_ea62k")
settings/1/joints/3/limitation/right_axis = 0
settings/1/joints/3/limitation/rotation_offset = Quaternion(0, 0, 0, 1)
settings/1/joints/4/rotation_axis = 3
settings/1/joints/4/limitation = null
settings/2/joints/0/rotation_axis = 2
settings/2/joints/0/limitation = SubResource("JointLimitationCone3D_otx80")
settings/2/joints/0/limitation/right_axis = 0
settings/2/joints/0/limitation/rotation_offset = Quaternion(0, 0, 0, 1)
settings/2/joints/1/rotation_axis = 0
settings/2/joints/1/limitation = SubResource("JointLimitationCone3D_6axhd")
settings/2/joints/1/limitation/right_axis = 0
settings/2/joints/1/limitation/rotation_offset = Quaternion(0.17364817766693, 0, 0, 0.98480775301221)
settings/2/joints/2/rotation_axis = 0
settings/2/joints/2/limitation = SubResource("JointLimitationCone3D_ea62k")
settings/2/joints/2/limitation/right_axis = 0
settings/2/joints/2/limitation/rotation_offset = Quaternion(0, 0, 0, 1)
settings/2/joints/3/rotation_axis = 0
settings/2/joints/3/limitation = SubResource("JointLimitationCone3D_ea62k")
settings/2/joints/3/limitation/right_axis = 0
settings/2/joints/3/limitation/rotation_offset = Quaternion(0, 0, 0, 1)
settings/2/joints/4/rotation_axis = 3
settings/2/joints/4/limitation = null
settings/3/joints/0/rotation_axis = 2
settings/3/joints/0/limitation = SubResource("JointLimitationCone3D_otx80")
settings/3/joints/0/limitation/right_axis = 0
settings/3/joints/0/limitation/rotation_offset = Quaternion(0, 0, 0, 1)
settings/3/joints/1/rotation_axis = 0
settings/3/joints/1/limitation = SubResource("JointLimitationCone3D_6axhd")
settings/3/joints/1/limitation/right_axis = 0
settings/3/joints/1/limitation/rotation_offset = Quaternion(0.17364817766693, 0, 0, 0.98480775301221)
settings/3/joints/2/rotation_axis = 0
settings/3/joints/2/limitation = SubResource("JointLimitationCone3D_ea62k")
settings/3/joints/2/limitation/right_axis = 0
settings/3/joints/2/limitation/rotation_offset = Quaternion(0, 0, 0, 1)
settings/3/joints/3/rotation_axis = 0
settings/3/joints/3/limitation = SubResource("JointLimitationCone3D_ea62k")
settings/3/joints/3/limitation/right_axis = 0
settings/3/joints/3/limitation/rotation_offset = Quaternion(0, 0, 0, 1)
settings/3/joints/4/rotation_axis = 3
settings/3/joints/4/limitation = null
settings/4/joints/0/rotation_axis = 2
settings/4/joints/0/limitation = SubResource("JointLimitationCone3D_otx80")
settings/4/joints/0/limitation/right_axis = 0
settings/4/joints/0/limitation/rotation_offset = Quaternion(0, 0, 0, 1)
settings/4/joints/1/rotation_axis = 0
settings/4/joints/1/limitation = SubResource("JointLimitationCone3D_6axhd")
settings/4/joints/1/limitation/right_axis = 0
settings/4/joints/1/limitation/rotation_offset = Quaternion(0.17364817766693, 0, 0, 0.98480775301221)
settings/4/joints/2/rotation_axis = 0
settings/4/joints/2/limitation = SubResource("JointLimitationCone3D_ea62k")
settings/4/joints/2/limitation/right_axis = 0
settings/4/joints/2/limitation/rotation_offset = Quaternion(0, 0, 0, 1)
settings/4/joints/3/rotation_axis = 0
settings/4/joints/3/limitation = SubResource("JointLimitationCone3D_ea62k")
settings/4/joints/3/limitation/right_axis = 0
settings/4/joints/3/limitation/rotation_offset = Quaternion(0, 0, 0, 1)
settings/4/joints/4/rotation_axis = 3
settings/4/joints/4/limitation = null
settings/5/joints/0/rotation_axis = 2
settings/5/joints/0/limitation = SubResource("JointLimitationCone3D_otx80")
settings/5/joints/0/limitation/right_axis = 0
settings/5/joints/0/limitation/rotation_offset = Quaternion(0, 0, 0, 1)
settings/5/joints/1/rotation_axis = 0
settings/5/joints/1/limitation = SubResource("JointLimitationCone3D_6axhd")
settings/5/joints/1/limitation/right_axis = 0
settings/5/joints/1/limitation/rotation_offset = Quaternion(0.17364817766693, 0, 0, 0.98480775301221)
settings/5/joints/2/rotation_axis = 0
settings/5/joints/2/limitation = SubResource("JointLimitationCone3D_ea62k")
settings/5/joints/2/limitation/right_axis = 0
settings/5/joints/2/limitation/rotation_offset = Quaternion(0, 0, 0, 1)
settings/5/joints/3/rotation_axis = 0
settings/5/joints/3/limitation = SubResource("JointLimitationCone3D_ea62k")
settings/5/joints/3/limitation/right_axis = 0
settings/5/joints/3/limitation/rotation_offset = Quaternion(0, 0, 0, 1)
settings/5/joints/4/rotation_axis = 3
settings/5/joints/4/limitation = null

[node name="LegTargets" type="Node3D" parent="big_crawler/Skeleton3D" index="1" unique_id=43553780]

[node name="FrontLegPair" type="Node3D" parent="big_crawler/Skeleton3D/LegTargets" unique_id=83434502]
transform = Transform3D(1, 0, 0, 0, 1, 0, 0, 0, 1, 0, 0.9, -0.71)

[node name="FL_Leg" type="Node3D" parent="big_crawler/Skeleton3D/LegTargets/FrontLegPair" unique_id=116817796 node_paths=PackedStringArray("shape_cast", "target")]
transform = Transform3D(1, 0, 0, 0, 1, 0, 0, 0, 1, -0.21, 0, 0)
script = ExtResource("3_cfulw")
shape_cast = NodePath("FL_Cast")
target = NodePath("FL_Target")
ground_bone = &"FrontLeftTarsus_leaf"
step_distance = 0.8
rest_distance = 0.1
move_offset = 0.5
move_spin = 0.34906585039887
metadata/_custom_type_script = "uid://bco1liolqoebw"

[node name="FL_Cast" type="ShapeCast3D" parent="big_crawler/Skeleton3D/LegTargets/FrontLegPair/FL_Leg" unique_id=1032610666]
transform = Transform3D(1, 0, 0, 0, 1, 0, 0, 0, 1, -1.095, 0.42, -1.5)
shape = SubResource("SphereShape3D_welis")
target_position = Vector3(0, -2, 0)
collision_mask = 17

[node name="FL_Target" type="Marker3D" parent="big_crawler/Skeleton3D/LegTargets/FrontLegPair/FL_Leg" unique_id=910499760]
transform = Transform3D(1, 0, 0, 0, 1, 0, 0, 0, 1, -1.095, -0.9, -1.5)

[node name="FR_Leg" type="Node3D" parent="big_crawler/Skeleton3D/LegTargets/FrontLegPair" unique_id=734277902 node_paths=PackedStringArray("shape_cast", "target")]
transform = Transform3D(1, 0, 0, 0, 1, 0, 0, 0, 1, 0.21, 0, 0)
script = ExtResource("3_cfulw")
shape_cast = NodePath("FR_Cast")
target = NodePath("FR_Target")
ground_bone = &"FrontRightTarsus_leaf"
step_distance = 0.8
rest_distance = 0.1
move_offset = 0.4
move_spin = 0.34906585039887
metadata/_custom_type_script = "uid://bco1liolqoebw"

[node name="FR_Cast" type="ShapeCast3D" parent="big_crawler/Skeleton3D/LegTargets/FrontLegPair/FR_Leg" unique_id=774657337]
transform = Transform3D(1, 0, 0, 0, 1, 0, 0, 0, 1, 1.095, 0.42, -1.5)
shape = SubResource("SphereShape3D_welis")
target_position = Vector3(0, -2, 0)
collision_mask = 17

[node name="FR_Target" type="Marker3D" parent="big_crawler/Skeleton3D/LegTargets/FrontLegPair/FR_Leg" unique_id=1490999037]
transform = Transform3D(1, 0, 0, 0, 1, 0, 0, 0, 1, 1.095, -0.9, -1.5)

[node name="MiddleLegPair" type="Node3D" parent="big_crawler/Skeleton3D/LegTargets" unique_id=1904906852]
transform = Transform3D(1, 0, 0, 0, 1, 0, 0, 0, 1, 0, 0.9, 0)

[node name="ML_Leg" type="Node3D" parent="big_crawler/Skeleton3D/LegTargets/MiddleLegPair" unique_id=1724073026 node_paths=PackedStringArray("shape_cast", "target")]
transform = Transform3D(1, 0, 0, 0, 1, 0, 0, 0, 1, -0.2, 0, 0)
script = ExtResource("3_cfulw")
shape_cast = NodePath("ML_Cast")
target = NodePath("ML_Target")
ground_bone = &"MiddleLeftTarsus_leaf"
step_distance = 0.8
rest_distance = 0.1
move_offset = 0.3
move_spin = 0.43633232
metadata/_custom_type_script = "uid://bco1liolqoebw"

[node name="ML_Cast" type="ShapeCast3D" parent="big_crawler/Skeleton3D/LegTargets/MiddleLegPair/ML_Leg" unique_id=1197310677]
transform = Transform3D(1, 0, 0, 0, 1, 0, 0, 0, 1, -1.86, 0.42, 0)
shape = SubResource("SphereShape3D_welis")
target_position = Vector3(0, -2, 0)
collision_mask = 17

[node name="ML_Target" type="Marker3D" parent="big_crawler/Skeleton3D/LegTargets/MiddleLegPair/ML_Leg" unique_id=2090500044]
transform = Transform3D(1, 0, 0, 0, 1, 0, 0, 0, 1, -1.86, -0.9, 0)

[node name="MR_Leg" type="Node3D" parent="big_crawler/Skeleton3D/LegTargets/MiddleLegPair" unique_id=535388397 node_paths=PackedStringArray("shape_cast", "target")]
transform = Transform3D(1, 0, 0, 0, 1, 0, 0, 0, 1, 0.2, 0, 0)
script = ExtResource("3_cfulw")
shape_cast = NodePath("MR_Cast")
target = NodePath("MR_Target")
ground_bone = &"MiddleRightTarsus_leaf"
step_distance = 0.8
rest_distance = 0.1
move_offset = 0.3
move_spin = 0.43633232
metadata/_custom_type_script = "uid://bco1liolqoebw"

[node name="MR_Cast" type="ShapeCast3D" parent="big_crawler/Skeleton3D/LegTargets/MiddleLegPair/MR_Leg" unique_id=747800772]
transform = Transform3D(1, 0, 0, 0, 1, 0, 0, 0, 1, 1.86, 0.42, 0)
shape = SubResource("SphereShape3D_welis")
target_position = Vector3(0, -2, 0)
collision_mask = 17

[node name="MR_Target" type="Marker3D" parent="big_crawler/Skeleton3D/LegTargets/MiddleLegPair/MR_Leg" unique_id=781596054]
transform = Transform3D(1, 0, 0, 0, 1, 0, 0, 0, 1, 1.86, -0.9, 0)

[node name="BackLegPair" type="Node3D" parent="big_crawler/Skeleton3D/LegTargets" unique_id=681309732]
transform = Transform3D(1, 0, 0, 0, 1, 0, 0, 0, 1, 0, 0.9, 0.71)

[node name="BL_Leg" type="Node3D" parent="big_crawler/Skeleton3D/LegTargets/BackLegPair" unique_id=1539461357 node_paths=PackedStringArray("shape_cast", "target")]
transform = Transform3D(1, 0, 0, 0, 1, 0, 0, 0, 1, -0.21, 0, 0)
script = ExtResource("3_cfulw")
shape_cast = NodePath("BL_Cast")
target = NodePath("BL_Target")
ground_bone = &"BackLeftTarsus_leaf"
step_distance = 0.8
rest_distance = 0.1
move_offset = 0.5
move_spin = 0.34906585039887
metadata/_custom_type_script = "uid://bco1liolqoebw"

[node name="BL_Cast" type="ShapeCast3D" parent="big_crawler/Skeleton3D/LegTargets/BackLegPair/BL_Leg" unique_id=1668808495]
transform = Transform3D(1, 0, 0, 0, 1, 0, 0, 0, 1, -1.095, 0.42, 1.5)
shape = SubResource("SphereShape3D_welis")
target_position = Vector3(0, -2, 0)
collision_mask = 17

[node name="BL_Target" type="Marker3D" parent="big_crawler/Skeleton3D/LegTargets/BackLegPair/BL_Leg" unique_id=68948370]
transform = Transform3D(1, 0, 0, 0, 1, 0, 0, 0, 1, -1.095, -0.9, 1.5)

[node name="BR_Leg" type="Node3D" parent="big_crawler/Skeleton3D/LegTargets/BackLegPair" unique_id=1208467192 node_paths=PackedStringArray("shape_cast", "target")]
transform = Transform3D(1, 0, 0, 0, 1, 0, 0, 0, 1, 0.21, 0, 0)
script = ExtResource("3_cfulw")
shape_cast = NodePath("BR_Cast")
target = NodePath("BR_Target")
ground_bone = &"BackRightTarsus_leaf"
step_distance = 0.8
rest_distance = 0.1
move_offset = 0.4
move_spin = 0.34906585039887
metadata/_custom_type_script = "uid://bco1liolqoebw"

[node name="BR_Cast" type="ShapeCast3D" parent="big_crawler/Skeleton3D/LegTargets/BackLegPair/BR_Leg" unique_id=381680649]
transform = Transform3D(1, 0, 0, 0, 1, 0, 0, 0, 1, 1.095, 0.42, 1.5)
shape = SubResource("SphereShape3D_welis")
target_position = Vector3(0, -2, 0)
collision_mask = 17

[node name="BR_Target" type="Marker3D" parent="big_crawler/Skeleton3D/LegTargets/BackLegPair/BR_Leg" unique_id=568795891]
transform = Transform3D(1, 0, 0, 0, 1, 0, 0, 0, 1, 1.095, -0.9, 1.5)

[node name="LowerSection" type="ModifierBoneTarget3D" parent="big_crawler/Skeleton3D" index="2" unique_id=920247470]
transform = Transform3D(1, 0, 0, 0, 2.220446e-16, 1, 0, -1, 2.220446e-16, 0, 0.9, 0.5)
bone_name = "LowerSection"
bone = 0
metadata/_edit_lock_ = true

[node name="box" type="MeshInstance3D" parent="big_crawler/Skeleton3D/LowerSection" unique_id=1883146133]
transform = Transform3D(1, 0, 0, 0, 1, 0, 0, 0, 1, 0, 0.5, 0)
mesh = SubResource("BoxMesh_3dq5s")
metadata/_edit_lock_ = true

[node name="face" type="MeshInstance3D" parent="big_crawler/Skeleton3D/LowerSection" unique_id=1786361362]
transform = Transform3D(1, 0, 0, 0, 1, 0, 0, 0, 1, 0, 1.3, 0)
mesh = SubResource("BoxMesh_ro1ip")

[node name="FrontRightFemur" type="ModifierBoneTarget3D" parent="big_crawler/Skeleton3D" index="3" unique_id=213773035]
transform = Transform3D(0.8090179011921066, 0.5387126804472645, 0.23511379813274214, 1.445157006007211e-08, -0.4000004559944804, 0.9165148203161686, 0.5877839002763788, -0.7414769492270527, -0.3236075231559049, 0.22999994295107584, 0.8199999404458113, -0.7300000677675738)
bone_name = "FrontRightFemur"
bone = 4
metadata/_edit_lock_ = true

[node name="box" type="MeshInstance3D" parent="big_crawler/Skeleton3D/FrontRightFemur" unique_id=2099895246]
transform = Transform3D(1, 0, 0, 0, 1, 0, 0, 0, 1, 0, 0.125, 0)
mesh = SubResource("BoxMesh_welis")
metadata/_edit_lock_ = true

[node name="FrontRightTibia" type="ModifierBoneTarget3D" parent="big_crawler/Skeleton3D" index="4" unique_id=446306188]
transform = Transform3D(0.8090154949902784, 0.388376134159202, -0.44120029314648235, -3.355602187865058e-08, 0.7506123020740318, 0.660742688635742, 0.5877872121262746, -0.5345510942043119, 0.6072570178172607, 0.3646779299432567, 0.7200000232589459, -0.9153690418762828)
bone_name = "FrontRightTibia"
bone = 5
metadata/_edit_lock_ = true

[node name="box" type="MeshInstance3D" parent="big_crawler/Skeleton3D/FrontRightTibia" unique_id=285335069]
transform = Transform3D(1, 0, 0, 0, 1, 0, 0, 0, 1, 0, 0.4, 0)
mesh = SubResource("BoxMesh_2g2re")
metadata/_edit_lock_ = true

[node name="FrontRightTarsus" type="ModifierBoneTarget3D" parent="big_crawler/Skeleton3D" index="5" unique_id=145349629]
transform = Transform3D(0.809019414872364, 0.37018324986313633, 0.45656501349641915, -4.359664989665289e-08, -0.7767594601411534, 0.6297970904380906, 0.5877817154553212, -0.509518200022484, -0.628413469164304, 0.6753789055433295, 1.3204899186061452, -1.3430099260531234)
bone_name = "FrontRightTarsus"
bone = 6
metadata/_edit_lock_ = true

[node name="box" type="MeshInstance3D" parent="big_crawler/Skeleton3D/FrontRightTarsus" unique_id=841348793]
transform = Transform3D(1, 0, 0, 0, 1, 0, 0, 0, 1, 0, 0.85, 0)
mesh = SubResource("BoxMesh_a3xbf")
metadata/_edit_lock_ = true

[node name="FrontLeftFemur" type="ModifierBoneTarget3D" parent="big_crawler/Skeleton3D" index="6" unique_id=141929963]
transform = Transform3D(0.8090177091376977, -0.5387129604814783, -0.23511359186014621, -2.2386881941128036e-08, -0.3999999326652472, 0.916515092939025, -0.5877840632117565, -0.741476947701876, -0.3236070850917638, -0.22999987629590113, 0.8200000019341098, -0.7299999447619658)
bone_name = "FrontLeftFemur"
bone = 10
metadata/_edit_lock_ = true

[node name="box" type="MeshInstance3D" parent="big_crawler/Skeleton3D/FrontLeftFemur" unique_id=556500764]
transform = Transform3D(1, 0, 0, 0, 1, 0, 0, 0, 1, 0, 0.125, 0)
mesh = SubResource("BoxMesh_welis")
metadata/_edit_lock_ = true

[node name="FrontLeftTibia" type="ModifierBoneTarget3D" parent="big_crawler/Skeleton3D" index="7" unique_id=1406494824]
transform = Transform3D(0.8090154296533141, -0.38837622670176186, 0.44120019095214513, 3.453315129423333e-08, 0.7506121728750345, 0.6607428459240261, -0.5877872006492962, -0.5345511875969627, 0.6072568410721759, -0.36467803478138244, 0.720000168763771, -0.9153690003704685)
bone_name = "FrontLeftTibia"
bone = 11
metadata/_edit_lock_ = true

[node name="box" type="MeshInstance3D" parent="big_crawler/Skeleton3D/FrontLeftTibia" unique_id=395908333]
transform = Transform3D(1, 0, 0, 0, 1, 0, 0, 0, 1, 0, 0.4, 0)
mesh = SubResource("BoxMesh_2g2re")
metadata/_edit_lock_ = true

[node name="FrontLeftTarsus" type="ModifierBoneTarget3D" parent="big_crawler/Skeleton3D" index="8" unique_id=798975725]
transform = Transform3D(0.8090193460023091, -0.37018321444922964, -0.45656515042056844, -1.0361043045633358e-07, -0.7767595958153196, 0.6297969521132903, -0.5877818102476577, -0.5095178311985381, -0.628413660515431, -0.6753791190367768, 1.3204899464167226, -1.3430100657406634)
bone_name = "FrontLeftTarsus"
bone = 12
metadata/_edit_lock_ = true

[node name="box" type="MeshInstance3D" parent="big_crawler/Skeleton3D/FrontLeftTarsus" unique_id=1690964555]
transform = Transform3D(1, 0, 0, 0, 1, 0, 0, 0, 1, 0, 0.85, 0)
mesh = SubResource("BoxMesh_a3xbf")
metadata/_edit_lock_ = true

[node name="MiddleRightFemur" type="ModifierBoneTarget3D" parent="big_crawler/Skeleton3D" index="9" unique_id=423662255]
transform = Transform3D(-1.8351173206365576e-07, 0.9165151816236909, 0.39999977714673446, 4.103070093250343e-08, -0.3999997533048894, 0.916515236252274, 0.9999999999999823, 1.8460355864914963e-07, 3.5799389308487226e-08, 0.23000001039374382, 0.819999970930336, 4.240029039559047e-08)
bone_name = "MiddleRightFemur"
bone = 16
metadata/_edit_lock_ = true

[node name="box" type="MeshInstance3D" parent="big_crawler/Skeleton3D/MiddleRightFemur" unique_id=478455766]
transform = Transform3D(1, 0, 0, 0, 1, 0, 0, 0, 1, 0, 0.125, 0)
mesh = SubResource("BoxMesh_welis")
metadata/_edit_lock_ = true

[node name="MiddleRightTibia" type="ModifierBoneTarget3D" parent="big_crawler/Skeleton3D" index="10" unique_id=1254913357]
transform = Transform3D(-1.604058249012835e-07, 0.660743283943673, -0.7506118921170136, 5.849913868679901e-08, 0.7506119514165668, 0.6607432779205142, 0.9999999999999855, 6.207691827403263e-08, -1.5905543075331242e-07, 0.45912884254684494, 0.7199999677908466, 8.85511896827946e-08)
bone_name = "MiddleRightTibia"
bone = 17
metadata/_edit_lock_ = true

[node name="box" type="MeshInstance3D" parent="big_crawler/Skeleton3D/MiddleRightTibia" unique_id=408882366]
transform = Transform3D(1, 0, 0, 0, 1, 0, 0, 0, 1, 0, 0.4, 0)
mesh = SubResource("BoxMesh_2g2re")
metadata/_edit_lock_ = true

[node name="MiddleRightTarsus" type="ModifierBoneTarget3D" parent="big_crawler/Skeleton3D" index="11" unique_id=170592321]
transform = Transform3D(-1.715908111077143e-07, 0.6297981415130962, 0.7767586097049081, 6.834497717288597e-08, -0.7767587062607548, 0.6297981259083292, 0.999999999999983, 1.611551299739046e-07, 9.024110126002874e-08, 0.9877235728867698, 1.32048953338284, 1.3821274148083938e-07)
bone_name = "MiddleRightTarsus"
bone = 18
metadata/_edit_lock_ = true

[node name="box" type="MeshInstance3D" parent="big_crawler/Skeleton3D/MiddleRightTarsus" unique_id=1571598216]
transform = Transform3D(1, 0, 0, 0, 1, 0, 0, 0, 1, 0, 0.85, 0)
mesh = SubResource("BoxMesh_a3xbf")
metadata/_edit_lock_ = true

[node name="MiddleLeftFemur" type="ModifierBoneTarget3D" parent="big_crawler/Skeleton3D" index="12" unique_id=1557707387]
transform = Transform3D(-1.9543265579668623e-07, -0.9165155481222549, -0.39999961092539466, -1.371640210354235e-08, -0.399999610925399, 0.9165153296079783, -0.9999999999999808, 1.8460361789924034e-07, 6.560169115005893e-08, -0.23000000502932288, 0.8199999777848704, 4.240028907317818e-08)
bone_name = "MiddleLeftFemur"
bone = 22
metadata/_edit_lock_ = true

[node name="box" type="MeshInstance3D" parent="big_crawler/Skeleton3D/MiddleLeftFemur" unique_id=1389553320]
transform = Transform3D(1, 0, 0, 0, 1, 0, 0, 0, 1, 0, 0.125, 0)
mesh = SubResource("BoxMesh_welis")
metadata/_edit_lock_ = true

[node name="MiddleLeftTibia" type="ModifierBoneTarget3D" parent="big_crawler/Skeleton3D" index="13" unique_id=197094913]
transform = Transform3D(-1.2685083921780245e-07, -0.6607430865100908, 0.7506123107607133, -2.8961619371579447e-08, 0.7506120579417311, 0.6607430591730461, -0.9999999999999915, 6.2076885420694e-08, -1.1435201139889593e-07, -0.4591290047895111, 0.7199999608203632, 8.855121670181623e-08)
bone_name = "MiddleLeftTibia"
bone = 23
metadata/_edit_lock_ = true

[node name="box" type="MeshInstance3D" parent="big_crawler/Skeleton3D/MiddleLeftTibia" unique_id=1214270692]
transform = Transform3D(1, 0, 0, 0, 1, 0, 0, 0, 1, 0, 0.4, 0)
mesh = SubResource("BoxMesh_2g2re")
metadata/_edit_lock_ = true

[node name="MiddleLeftTarsus" type="ModifierBoneTarget3D" parent="big_crawler/Skeleton3D" index="14" unique_id=1909786607]
transform = Transform3D(-1.3686696043945794e-07, -0.6297982179860245, -0.7767587538701963, -9.649915678791614e-08, -0.7767587310170847, 0.6297979357375156, -0.9999999999999859, 1.6115514779596445e-07, 4.553763917821779e-08, -0.9877236452360547, 1.3204898693590832, 1.382127376124936e-07)
bone_name = "MiddleLeftTarsus"
bone = 24
metadata/_edit_lock_ = true

[node name="box" type="MeshInstance3D" parent="big_crawler/Skeleton3D/MiddleLeftTarsus" unique_id=728123054]
transform = Transform3D(1, 0, 0, 0, 1, 0, 0, 0, 1, 0, 0.85, 0)
mesh = SubResource("BoxMesh_a3xbf")
metadata/_edit_lock_ = true

[node name="BackRightFemur" type="ModifierBoneTarget3D" parent="big_crawler/Skeleton3D" index="15" unique_id=2003722146]
transform = Transform3D(-0.8090178829176066, 0.5387129142593594, 0.23511385270079874, -2.49683949466108e-08, -0.40000048915152714, 0.9165148266561582, 0.5877840293164763, 0.7414770556354277, 0.3236075237731533, 0.22999997905301078, 0.8199999514527142, 0.7300000291133212)
bone_name = "BackRightFemur"
bone = 34
metadata/_edit_lock_ = true

[node name="box" type="MeshInstance3D" parent="big_crawler/Skeleton3D/BackRightFemur" unique_id=1655707757]
transform = Transform3D(1, 0, 0, 0, 1, 0, 0, 0, 1, 0, 0.125, 0)
mesh = SubResource("BoxMesh_welis")
metadata/_edit_lock_ = true

[node name="BackRightTibia" type="ModifierBoneTarget3D" parent="big_crawler/Skeleton3D" index="16" unique_id=1352416718]
transform = Transform3D(-0.8090155064026618, 0.3883760907064636, -0.441200617825633, -1.6201104099689777e-08, 0.7506124716761615, 0.6607425642156202, 0.5877873003051728, 0.5345510045815632, -0.6072573027116971, 0.3646779878360913, 0.7200000515546778, 0.9153690300658033)
bone_name = "BackRightTibia"
bone = 35
metadata/_edit_lock_ = true

[node name="box" type="MeshInstance3D" parent="big_crawler/Skeleton3D/BackRightTibia" unique_id=1908963078]
transform = Transform3D(1, 0, 0, 0, 1, 0, 0, 0, 1, 0, 0.4, 0)
mesh = SubResource("BoxMesh_2g2re")
metadata/_edit_lock_ = true

[node name="BackRightTarsus" type="ModifierBoneTarget3D" parent="big_crawler/Skeleton3D" index="17" unique_id=1959162545]
transform = Transform3D(-0.8090195220685797, 0.37018334572575157, 0.45656518270814994, -6.952121791549748e-08, -0.7767596831838143, 0.6297969620299904, 0.5877817732049206, 0.5095181801945674, 0.6284138204520834, 0.6753788750905351, 1.3204901318127524, 1.343009812348053)
bone_name = "BackRightTarsus"
bone = 36
metadata/_edit_lock_ = true

[node name="box" type="MeshInstance3D" parent="big_crawler/Skeleton3D/BackRightTarsus" unique_id=2127887918]
transform = Transform3D(1, 0, 0, 0, 1, 0, 0, 0, 1, 0, 0.85, 0)
mesh = SubResource("BoxMesh_a3xbf")
metadata/_edit_lock_ = true

[node name="BackLeftFemur" type="ModifierBoneTarget3D" parent="big_crawler/Skeleton3D" index="18" unique_id=954582355]
transform = Transform3D(-0.8090178829176066, -0.5387129142593594, -0.23511385270079874, 2.49683949466108e-08, -0.40000048915152714, 0.9165148266561582, -0.5877840293164763, 0.7414770556354277, 0.3236075237731533, -0.22999997905301078, 0.8199999514527142, 0.7300000291133212)
bone_name = "BackLeftFemur"
bone = 28
metadata/_edit_lock_ = true

[node name="box" type="MeshInstance3D" parent="big_crawler/Skeleton3D/BackLeftFemur" unique_id=484139107]
transform = Transform3D(1, 0, 0, 0, 1, 0, 0, 0, 1, 0, 0.125, 0)
mesh = SubResource("BoxMesh_welis")
metadata/_edit_lock_ = true

[node name="BackLeftTibia" type="ModifierBoneTarget3D" parent="big_crawler/Skeleton3D" index="19" unique_id=483154553]
transform = Transform3D(-0.8090155064026618, -0.3883760907064636, 0.441200617825633, 1.6201104099689777e-08, 0.7506124716761615, 0.6607425642156202, -0.5877873003051728, 0.5345510045815632, -0.6072573027116971, -0.3646779878360913, 0.7200000515546778, 0.9153690300658033)
bone_name = "BackLeftTibia"
bone = 29
metadata/_edit_lock_ = true

[node name="box" type="MeshInstance3D" parent="big_crawler/Skeleton3D/BackLeftTibia" unique_id=1091170917]
transform = Transform3D(1, 0, 0, 0, 1, 0, 0, 0, 1, 0, 0.4, 0)
mesh = SubResource("BoxMesh_2g2re")
metadata/_edit_lock_ = true

[node name="BackLeftTarsus" type="ModifierBoneTarget3D" parent="big_crawler/Skeleton3D" index="20" unique_id=709463790]
transform = Transform3D(-0.8090195220685797, -0.37018334572575157, -0.45656518270814994, 6.952121791549748e-08, -0.7767596831838143, 0.6297969620299904, -0.5877817732049206, 0.5095181801945674, 0.6284138204520834, -0.6753788750905351, 1.3204901318127524, 1.343009812348053)
bone_name = "BackLeftTarsus"
bone = 30
metadata/_edit_lock_ = true

[node name="box" type="MeshInstance3D" parent="big_crawler/Skeleton3D/BackLeftTarsus" unique_id=1514996845]
transform = Transform3D(1, 0, 0, 0, 1, 0, 0, 0, 1, 0, 0.85, 0)
mesh = SubResource("BoxMesh_a3xbf")
metadata/_edit_lock_ = true

[editable path="big_crawler"]
