[gd_scene format=3 uid="uid://chfhme16t710h"]

[ext_resource type="Script" uid="uid://bgid78vpr0p3s" path="res://character/crawler_bot/CrawlerCharacter.gd" id="1_3kbc3"]
[ext_resource type="PhysicsMaterial" uid="uid://dgn55vwvw51v0" path="res://material/physic/high_friction.tres" id="1_ro1ip"]
[ext_resource type="PackedScene" uid="uid://bj6jpa4vhoqrd" path="res://character/crawler_bot/big_crawler.glb" id="2_2g2re"]
[ext_resource type="Texture2D" uid="uid://bs0wm5rj1jdy2" path="res://texture/dev/grid_red.png" id="2_welis"]
[ext_resource type="Script" uid="uid://bco1liolqoebw" path="res://character/crawler_bot/CrawlerLeg.gd" id="3_cfulw"]
[ext_resource type="Script" uid="uid://ba78jnlpxs7ph" path="res://addons/physical_skeleton/physical_skeleton.gd" id="3_xefeq"]
[ext_resource type="Script" uid="uid://dfs1kud1hcgq1" path="res://node/ik_modifier/ik_modifier.gd" id="5_2n4j6"]
[ext_resource type="Texture2D" uid="uid://c4kyalj0xhphu" path="res://texture/dev/grid_blue.png" id="5_eqa8u"]
[ext_resource type="Resource" uid="uid://cd7utf738hfx6" path="res://character/crawler_bot/normal/front_leg_setting.tres" id="6_8gnh6"]
[ext_resource type="Resource" uid="uid://deep6fs82y85d" path="res://character/crawler_bot/normal/front_left_chain.tres" id="6_h414r"]
[ext_resource type="Script" uid="uid://co33qil70ybm6" path="res://node/ik_modifier/chain_resource.gd" id="6_hitf2"]
[ext_resource type="Resource" uid="uid://b76dud03hxddv" path="res://character/crawler_bot/normal/middle_leg_setting.tres" id="7_6k2hw"]
[ext_resource type="Script" uid="uid://c5ct6mxt0vyod" path="res://node/ik_modifier/joint_resource.gd" id="7_wrlb8"]
[ext_resource type="Resource" uid="uid://v0relty5uq7m" path="res://character/crawler_bot/normal/back_leg_setting.tres" id="8_1207b"]
[ext_resource type="Resource" uid="uid://rcjr4qkpvkaw" path="res://character/crawler_bot/normal/front_right_chain.tres" id="8_c7gij"]
[ext_resource type="Resource" uid="uid://b7os8v0bturis" path="res://character/crawler_bot/normal/middle_left_chain.tres" id="9_t7n8w"]
[ext_resource type="Resource" uid="uid://c5j33tlsutoko" path="res://character/crawler_bot/normal/middle_right_chain.tres" id="11_j5g3f"]
[ext_resource type="Resource" uid="uid://dbelgicmov1k3" path="res://character/crawler_bot/normal/back_left_chain.tres" id="12_3motw"]
[ext_resource type="Resource" uid="uid://d3ovpowx8bkyr" path="res://character/crawler_bot/normal/back_right_chain.tres" id="14_mefpt"]
[ext_resource type="Script" uid="uid://bby5w01y4paxl" path="res://addons/physical_skeleton/chain_3d.gd" id="17_ksujv"]
[ext_resource type="PhysicsMaterial" uid="uid://dgom72xev8omg" path="res://material/physic/metal.tres" id="18_2n4j6"]
[ext_resource type="Script" uid="uid://bgi016jncnd26" path="res://addons/physical_skeleton/part_3d.gd" id="19_hitf2"]
[ext_resource type="BoxMesh" uid="uid://buu5evxiifjrq" path="res://character/crawler_bot/normal/femur_box_mesh.tres" id="21_omih1"]
[ext_resource type="Shape3D" uid="uid://dunuwguvgydu4" path="res://character/crawler_bot/normal/femur_collision_shape.tres" id="22_dmr5u"]
[ext_resource type="BoxMesh" uid="uid://btoiao1l4fp0n" path="res://character/crawler_bot/normal/tibia_box_mesh.tres" id="24_yl080"]
[ext_resource type="Shape3D" uid="uid://biemjf2j15vco" path="res://character/crawler_bot/normal/tibia_collision_shape.tres" id="25_15unk"]
[ext_resource type="Resource" uid="uid://skrqmv3ata1a" path="res://character/crawler_bot/normal/femur_part_flbr.tres" id="25_hitf2"]
[ext_resource type="Resource" uid="uid://3aihiv8s5f3h" path="res://character/crawler_bot/normal/tibia_part_flbr.tres" id="26_1ph6b"]
[ext_resource type="Resource" uid="uid://da5n6snt7g7mf" path="res://character/crawler_bot/normal/tarsus_part.tres" id="28_y8fkf"]
[ext_resource type="BoxMesh" uid="uid://bg5sh58i7q6tc" path="res://character/crawler_bot/normal/tarsus_box_mesh.tres" id="29_1ph6b"]
[ext_resource type="Script" uid="uid://dfvyp4ujh55gf" path="res://node/beam_joint/beam_joint.gd" id="29_gijdl"]
[ext_resource type="Resource" uid="uid://cnqset3111t5x" path="res://character/crawler_bot/normal/tibia_beam_frbl.tres" id="30_gijdl"]
[ext_resource type="Resource" uid="uid://pddx5xji5rxn" path="res://character/crawler_bot/normal/tibia_beam_flbr.tres" id="30_tevyj"]
[ext_resource type="Shape3D" uid="uid://drn7atwnqby6m" path="res://character/crawler_bot/normal/tarsus_collision_shape.tres" id="30_ysf54"]
[ext_resource type="Resource" uid="uid://dpbhcca4qsy0s" path="res://character/crawler_bot/normal/femur_part_frbl.tres" id="32_2n4j6"]
[ext_resource type="Resource" uid="uid://cs6xc2o50vm3u" path="res://character/crawler_bot/normal/femur_part_ml.tres" id="33_hitf2"]
[ext_resource type="Resource" uid="uid://xbem30drgjxp" path="res://character/crawler_bot/normal/tarsus_beam_joint.tres" id="34_15unk"]
[ext_resource type="Resource" uid="uid://bu4xybjod1py7" path="res://character/crawler_bot/normal/femur_part_mr.tres" id="34_wrlb8"]
[ext_resource type="Resource" uid="uid://darhwxiggg7fm" path="res://character/crawler_bot/normal/tibia_part_frbl.tres" id="36_a6782"]
[ext_resource type="Resource" uid="uid://doujt6twhh7e0" path="res://character/crawler_bot/normal/tibia_part_ml.tres" id="39_6v3m6"]
[ext_resource type="Resource" uid="uid://dfwq8ggtlnn7k" path="res://character/crawler_bot/normal/tibia_beam_ml.tres" id="40_x5yrr"]
[ext_resource type="Resource" uid="uid://m5bp67g4s544" path="res://character/crawler_bot/normal/tibia_part_mr.tres" id="42_rjoxa"]
[ext_resource type="Resource" uid="uid://chv8p4u042q7n" path="res://character/crawler_bot/normal/tibia_beam_mr.tres" id="43_gw1yc"]

[sub_resource type="CapsuleShape3D" id="CapsuleShape3D_3kbc3"]
margin = 0.0
radius = 0.3

[sub_resource type="Resource" id="Resource_1ph6b"]
resource_name = "JointResource"
script = ExtResource("7_wrlb8")
rotation_axis = 2
limitation_angle = 0.8726646259971648
limitation_rotation_offset = Quaternion(0, 0, 0.08715574274766, 0.99619469809175)

[sub_resource type="Resource" id="Resource_ysf54"]
resource_name = "JointResource"
script = ExtResource("7_wrlb8")
limitation_angle = 0.8726646259971648

[sub_resource type="Resource" id="Resource_tevyj"]
resource_name = "JointResource"
script = ExtResource("7_wrlb8")
limitation_angle = 1.4835298641951802
limitation_rotation_offset = Quaternion(0.08715574274766, 0, 0, 0.99619469809175)

[sub_resource type="Resource" id="Resource_a6782"]
resource_name = "ChainResource"
script = ExtResource("6_hitf2")
root_bone = &"FrontLeftFemur"
end_bone = &"FrontLeftTarsus_leaf"
target_node = NodePath("../LegTargets/FL_Leg/FL_LegTarget")
joint_list = Array[ExtResource("7_wrlb8")]([SubResource("Resource_1ph6b"), SubResource("Resource_ysf54"), SubResource("Resource_tevyj")])

[sub_resource type="Resource" id="Resource_6v3m6"]
resource_name = "JointResource"
script = ExtResource("7_wrlb8")
rotation_axis = 2
limitation_angle = 0.8726646259971648
limitation_rotation_offset = Quaternion(0, 0, -0.08715574274766, 0.99619469809175)

[sub_resource type="Resource" id="Resource_x5yrr"]
resource_name = "JointResource"
script = ExtResource("7_wrlb8")
limitation_angle = 0.8726646259971648

[sub_resource type="Resource" id="Resource_rjoxa"]
resource_name = "JointResource"
script = ExtResource("7_wrlb8")
limitation_angle = 1.4835298641951802
limitation_rotation_offset = Quaternion(0.08715574274766, 0, 0, 0.99619469809175)

[sub_resource type="Resource" id="Resource_gw1yc"]
resource_name = "ChainResource"
script = ExtResource("6_hitf2")
root_bone = &"FrontRightFemur"
end_bone = &"FrontRightTarsus_leaf"
target_node = NodePath("../LegTargets/FR_Leg/FR_LegTarget")
joint_list = Array[ExtResource("7_wrlb8")]([SubResource("Resource_6v3m6"), SubResource("Resource_x5yrr"), SubResource("Resource_rjoxa")])

[sub_resource type="Resource" id="Resource_2fyxm"]
resource_name = "JointResource"
script = ExtResource("7_wrlb8")
rotation_axis = 2
limitation_angle = 0.7853981633974483
limitation_rotation_offset = Quaternion(0, 0, -0.06104853953486, 0.99813479842187)

[sub_resource type="Resource" id="Resource_oi0ki"]
resource_name = "JointResource"
script = ExtResource("7_wrlb8")
limitation_angle = 0.8726646259971648

[sub_resource type="Resource" id="Resource_fy4h3"]
resource_name = "JointResource"
script = ExtResource("7_wrlb8")
limitation_angle = 1.4835298641951802
limitation_rotation_offset = Quaternion(0.08715574274766, 0, 0, 0.99619469809175)

[sub_resource type="Resource" id="Resource_dh0pb"]
resource_name = "ChainResource"
script = ExtResource("6_hitf2")
root_bone = &"MiddleLeftFemur"
end_bone = &"MiddleLeftTarsus_leaf"
target_node = NodePath("../LegTargets/ML_Leg/ML_LegTarget")
joint_list = Array[ExtResource("7_wrlb8")]([SubResource("Resource_2fyxm"), SubResource("Resource_oi0ki"), SubResource("Resource_fy4h3")])

[sub_resource type="Resource" id="Resource_jwypw"]
resource_name = "JointResource"
script = ExtResource("7_wrlb8")
rotation_axis = 2
limitation_angle = 0.7853981633974483
limitation_rotation_offset = Quaternion(0, 0, 0.06104853953486, 0.99813479842187)

[sub_resource type="Resource" id="Resource_12o05"]
resource_name = "JointResource"
script = ExtResource("7_wrlb8")
limitation_angle = 0.8726646259971648

[sub_resource type="Resource" id="Resource_ldd6o"]
resource_name = "JointResource"
script = ExtResource("7_wrlb8")
limitation_angle = 1.4835298641951802
limitation_rotation_offset = Quaternion(0.08715574274766, 0, 0, 0.99619469809175)

[sub_resource type="Resource" id="Resource_8uln7"]
resource_name = "ChainResource"
script = ExtResource("6_hitf2")
root_bone = &"MiddleRightFemur"
end_bone = &"MiddleRightTarsus_leaf"
target_node = NodePath("../LegTargets/MR_Leg/MR_LegTarget")
joint_list = Array[ExtResource("7_wrlb8")]([SubResource("Resource_jwypw"), SubResource("Resource_12o05"), SubResource("Resource_ldd6o")])

[sub_resource type="Resource" id="Resource_4nkpw"]
resource_name = "JointResource"
script = ExtResource("7_wrlb8")
rotation_axis = 2
limitation_angle = 0.8726646259971648
limitation_rotation_offset = Quaternion(0, 0, -0.08715574274766, 0.99619469809175)

[sub_resource type="Resource" id="Resource_5sffu"]
resource_name = "JointResource"
script = ExtResource("7_wrlb8")
limitation_angle = 0.8726646259971648

[sub_resource type="Resource" id="Resource_cjg8e"]
resource_name = "JointResource"
script = ExtResource("7_wrlb8")
limitation_angle = 1.4835298641951802
limitation_rotation_offset = Quaternion(0.08715574274766, 0, 0, 0.99619469809175)

[sub_resource type="Resource" id="Resource_70uui"]
resource_name = "ChainResource"
script = ExtResource("6_hitf2")
root_bone = &"BackLeftFemur"
end_bone = &"BackLeftTarsus_leaf"
target_node = NodePath("../LegTargets/BL_Leg/BL_LegTarget")
joint_list = Array[ExtResource("7_wrlb8")]([SubResource("Resource_4nkpw"), SubResource("Resource_5sffu"), SubResource("Resource_cjg8e")])

[sub_resource type="Resource" id="Resource_oj6dy"]
resource_name = "JointResource"
script = ExtResource("7_wrlb8")
rotation_axis = 2
limitation_angle = 0.8726646259971648
limitation_rotation_offset = Quaternion(0, 0, 0.08715574274766, 0.99619469809175)

[sub_resource type="Resource" id="Resource_bhq5e"]
resource_name = "JointResource"
script = ExtResource("7_wrlb8")
limitation_angle = 0.8726646259971648

[sub_resource type="Resource" id="Resource_ps3yj"]
resource_name = "JointResource"
script = ExtResource("7_wrlb8")
limitation_angle = 1.4835298641951802
limitation_rotation_offset = Quaternion(0.08715574274766, 0, 0, 0.99619469809175)

[sub_resource type="Resource" id="Resource_mxslf"]
resource_name = "ChainResource"
script = ExtResource("6_hitf2")
root_bone = &"BackRightFemur"
end_bone = &"BackRightTarsus_leaf"
target_node = NodePath("../LegTargets/BR_Leg/BR_LegTarget")
joint_list = Array[ExtResource("7_wrlb8")]([SubResource("Resource_oj6dy"), SubResource("Resource_bhq5e"), SubResource("Resource_ps3yj")])

[sub_resource type="StandardMaterial3D" id="StandardMaterial3D_2g2re"]
albedo_texture = ExtResource("2_welis")
uv1_triplanar = true

[sub_resource type="BoxMesh" id="BoxMesh_3dq5s"]
material = SubResource("StandardMaterial3D_2g2re")
size = Vector3(0.5, 1.5, 0.2)

[sub_resource type="StandardMaterial3D" id="StandardMaterial3D_xefeq"]
albedo_texture = ExtResource("5_eqa8u")
uv1_triplanar = true

[sub_resource type="BoxMesh" id="BoxMesh_ro1ip"]
material = SubResource("StandardMaterial3D_xefeq")
size = Vector3(0.4, 0.2, 0.3)

[node name="CrawlerBot" type="RigidBody3D" unique_id=461561025 node_paths=PackedStringArray("skeleton", "leg_ik", "physical_skeleton")]
collision_mask = 51
axis_lock_linear_x = true
axis_lock_linear_z = true
mass = 17.142857142857142
physics_material_override = ExtResource("1_ro1ip")
custom_integrator = true
continuous_cd = true
script = ExtResource("1_3kbc3")
max_speed = 2.0
skeleton = NodePath("big_crawler/Skeleton3D")
leg_ik = NodePath("big_crawler/Skeleton3D/IKModifier")
physical_skeleton = NodePath("big_crawler/Skeleton3D/PhysicalSkeleton")
ik_max_iterations = 10
ik_min_distance = 0.0
ik_angular_delta_limit = 4.71238898038469
body_leg_mass_ratio = 8.0
body_height_offset = 0.9
body_leg_lift_ratio = 0.4
acceleration = 6.0
deceleration = 8.0
incline_speed_reduction = 0.0
decline_speed_bonus = 1.0
metadata/_custom_type_script = "uid://gy5qwm8j5pbh"

[node name="CollisionShape3D" type="CollisionShape3D" parent="." unique_id=396952384]
transform = Transform3D(1, 0, 0, 0, 0, 1, 0, -1, 0, 0, 0.9, 0)
shape = SubResource("CapsuleShape3D_3kbc3")

[node name="big_crawler" parent="." unique_id=1739686264 instance=ExtResource("2_2g2re")]

[node name="Skeleton3D" parent="big_crawler" index="0" unique_id=2028449087]
modifier_callback_mode_process = 2

[node name="PhysicalSkeleton" type="SkeletonModifier3D" parent="big_crawler/Skeleton3D" index="0" unique_id=165867730]
unique_name_in_owner = false
process_mode = 0
process_priority = 0
process_physics_priority = 0
process_thread_group = 0
physics_interpolation_mode = 0
auto_translate_mode = 0
editor_description = ""
transform = Transform3D(1, 0, 0, 0, 1, 0, 0, 0, 1, 0, 0, 0)
rotation_edit_mode = 0
rotation_order = 2
top_level = false
visible = true
visibility_parent = NodePath("")
active = false
influence = 1.0
script = ExtResource("3_xefeq")
first_joint_copies = 0
joint_copies = 0
joint_copy_width = 0.12
metadata/_custom_type_script = "uid://ba78jnlpxs7ph"

[node name="IKModifier" type="SkeletonModifier3D" parent="big_crawler/Skeleton3D" index="1" unique_id=523852362]
unique_name_in_owner = false
process_mode = 0
process_priority = 0
process_physics_priority = 0
process_thread_group = 0
physics_interpolation_mode = 0
auto_translate_mode = 0
editor_description = ""
transform = Transform3D(1, 0, 0, 0, 1, 0, 0, 0, 1, 0, 0, 0)
rotation_edit_mode = 0
rotation_order = 2
top_level = false
visible = true
visibility_parent = NodePath("")
active = true
influence = 1.0
script = ExtResource("5_2n4j6")
min_distance = 0.0
angular_delta_limit = 4.71238898038469
setting_list = Array[ExtResource("6_hitf2")]([SubResource("Resource_a6782"), SubResource("Resource_gw1yc"), SubResource("Resource_dh0pb"), SubResource("Resource_8uln7"), SubResource("Resource_70uui"), SubResource("Resource_mxslf")])
metadata/_custom_type_script = "uid://dfs1kud1hcgq1"

[node name="LegTargets" type="Node3D" parent="big_crawler/Skeleton3D" index="2" unique_id=1831794]

[node name="FL_Leg" type="Node3D" parent="big_crawler/Skeleton3D/LegTargets" unique_id=116817796 node_paths=PackedStringArray("target")]
transform = Transform3D(1, 0, 0, 0, 1, 0, 0, 0, 1, -0.1729999629310944, 0.820000018584341, -0.6729999905830053)
script = ExtResource("3_cfulw")
target = NodePath("FL_LegTarget")
ground_bone = &"FrontLeftTarsus_leaf"
physical_bone_chain = ExtResource("6_h414r")
setting = ExtResource("6_8gnh6")
metadata/_custom_type_script = "uid://bco1liolqoebw"

[node name="FL_LegTarget" type="Marker3D" parent="big_crawler/Skeleton3D/LegTargets/FL_Leg" unique_id=252489343]
transform = Transform3D(1, 0, 0, 0, 1, 0, 0, 0, 1, -1.1316897994972135, -0.8200002637279464, -1.5361897448335555)
gizmo_extents = 0.1

[node name="FR_Leg" type="Node3D" parent="big_crawler/Skeleton3D/LegTargets" unique_id=734277902 node_paths=PackedStringArray("target")]
transform = Transform3D(1, 0, 0, 0, 1, 0, 0, 0, 1, 0.1729999629310944, 0.820000018584341, -0.6729999905830053)
script = ExtResource("3_cfulw")
target = NodePath("FR_LegTarget")
ground_bone = &"FrontRightTarsus_leaf"
physical_bone_chain = ExtResource("8_c7gij")
setting = ExtResource("6_8gnh6")
metadata/_custom_type_script = "uid://bco1liolqoebw"
metadata/_edit_lock_ = true

[node name="FR_LegTarget" type="Marker3D" parent="big_crawler/Skeleton3D/LegTargets/FR_Leg" unique_id=313845362]
transform = Transform3D(1, 0, 0, 0, 1, 0, 0, 0, 1, 1.1316897994972135, -0.8200002637279464, -1.5361897448335555)
gizmo_extents = 0.1

[node name="ML_Leg" type="Node3D" parent="big_crawler/Skeleton3D/LegTargets" unique_id=1724073026 node_paths=PackedStringArray("target")]
transform = Transform3D(1, 0, 0, 0, 1, 0, 0, 0, 1, -0.15000001963246493, 0.8199999775042561, 2.8673026472508733e-08)
script = ExtResource("3_cfulw")
target = NodePath("ML_LegTarget")
ground_bone = &"MiddleLeftTarsus_leaf"
physical_bone_chain = ExtResource("9_t7n8w")
setting = ExtResource("7_6k2hw")
metadata/_custom_type_script = "uid://bco1liolqoebw"
metadata/_edit_lock_ = true

[node name="ML_LegTarget" type="Marker3D" parent="big_crawler/Skeleton3D/LegTargets/ML_Leg" unique_id=1374616570]
transform = Transform3D(1, 0, 0, 0, 1, 0, 0, 0, 1, -1.9083802259523646, -0.8199997715675613, 3.8603657385671696e-07)
gizmo_extents = 0.1

[node name="MR_Leg" type="Node3D" parent="big_crawler/Skeleton3D/LegTargets" unique_id=535388397 node_paths=PackedStringArray("target")]
transform = Transform3D(1, 0, 0, 0, 1, 0, 0, 0, 1, 0.15000001963246493, 0.8199999775042561, 2.8673026472508733e-08)
script = ExtResource("3_cfulw")
target = NodePath("MR_LegTarget")
ground_bone = &"MiddleRightTarsus_leaf"
physical_bone_chain = ExtResource("11_j5g3f")
setting = ExtResource("7_6k2hw")
metadata/_custom_type_script = "uid://bco1liolqoebw"
metadata/_edit_lock_ = true

[node name="MR_LegTarget" type="Marker3D" parent="big_crawler/Skeleton3D/LegTargets/MR_Leg" unique_id=1527091504]
transform = Transform3D(1, 0, 0, 0, 1, 0, 0, 0, 1, 1.9083801970678742, -0.8199997985141179, 3.860366077733255e-07)
gizmo_extents = 0.1

[node name="BL_Leg" type="Node3D" parent="big_crawler/Skeleton3D/LegTargets" unique_id=1539461357 node_paths=PackedStringArray("target")]
transform = Transform3D(1, 0, 0, 0, 1, 0, 0, 0, 1, -0.17299997386683233, 0.8199999798820695, 0.6729999845784954)
script = ExtResource("3_cfulw")
target = NodePath("BL_LegTarget")
ground_bone = &"BackLeftTarsus_leaf"
physical_bone_chain = ExtResource("12_3motw")
setting = ExtResource("8_1207b")
metadata/_custom_type_script = "uid://bco1liolqoebw"
metadata/_edit_lock_ = true

[node name="BL_LegTarget" type="Marker3D" parent="big_crawler/Skeleton3D/LegTargets/BL_Leg" unique_id=2051365773]
transform = Transform3D(1, 0, 0, 0, 1, 0, 0, 0, 1, -1.1316897718826358, -0.8200002237818728, 1.5361900622041404)
gizmo_extents = 0.1

[node name="BR_Leg" type="Node3D" parent="big_crawler/Skeleton3D/LegTargets" unique_id=1208467192 node_paths=PackedStringArray("target")]
transform = Transform3D(1, 0, 0, 0, 1, 0, 0, 0, 1, 0.17299997386683233, 0.8199999798820695, 0.6729999845784954)
script = ExtResource("3_cfulw")
target = NodePath("BR_LegTarget")
ground_bone = &"BackRightTarsus_leaf"
physical_bone_chain = ExtResource("14_mefpt")
setting = ExtResource("8_1207b")
metadata/_custom_type_script = "uid://bco1liolqoebw"
metadata/_edit_lock_ = true

[node name="BR_LegTarget" type="Marker3D" parent="big_crawler/Skeleton3D/LegTargets/BR_Leg" unique_id=1506875962]
transform = Transform3D(1, 0, 0, 0, 1, 0, 0, 0, 1, 1.1316897718826358, -0.8200002237818728, 1.5361900622041404)
gizmo_extents = 0.1

[node name="LowerSection" type="ModifierBoneTarget3D" parent="big_crawler/Skeleton3D" index="3" unique_id=920247470]
transform = Transform3D(1, 0, 0, 0, 2.220446e-16, 1, 0, -1, 2.220446e-16, 0, 0.9, 0.5)
bone_name = "LowerSection"
bone = 0
metadata/_edit_lock_ = true

[node name="box" type="MeshInstance3D" parent="big_crawler/Skeleton3D/LowerSection" unique_id=1883146133]
transform = Transform3D(1, 0, 0, 0, 1, 0, 0, 0, 1, 0, 0.5, 0)
mesh = SubResource("BoxMesh_3dq5s")
metadata/_edit_lock_ = true

[node name="face" type="MeshInstance3D" parent="big_crawler/Skeleton3D/LowerSection" unique_id=1786361362]
transform = Transform3D(1, 0, 0, 0, 1, 0, 0, 0, 1, 0, 1.3, 0)
mesh = SubResource("BoxMesh_ro1ip")

[node name="ChainRootNode" type="Node3D" parent="big_crawler/Skeleton3D" index="4" unique_id=331699015]
metadata/_physical_skeleton_owned = true
metadata/_physical_chain_root = true
metadata/_edit_lock_ = true

[node name="FrontLeftChain" type="Node3D" parent="big_crawler/Skeleton3D/ChainRootNode" unique_id=1726891716 node_paths=PackedStringArray("ik_node")]
script = ExtResource("17_ksujv")
resource = ExtResource("6_h414r")
ik_node = NodePath("../../IKModifier")
ik_setting = 0
metadata/_physical_skeleton_owned = true
metadata/_custom_type_script = "uid://bby5w01y4paxl"
metadata/_edit_lock_ = true
metadata/_physical_chain_resource_id = 7449241343109883283

[node name="FemurPartFLBR" type="RigidBody3D" parent="big_crawler/Skeleton3D/ChainRootNode/FrontLeftChain" unique_id=347711095]
transform = Transform3D(0.784356720308211, -0.6203100316030258, 3.798303473408195e-17, 0, 6.123233995736766e-17, 1, -0.6203100316030258, -0.784356720308211, 4.802799734575832e-17, -0.1729999629310944, 0.820000018584341, -0.6729999905830053)
collision_mask = 51
mass = 0.241930473974201
physics_material_override = ExtResource("18_2n4j6")
continuous_cd = true
script = ExtResource("19_hitf2")
resource = ExtResource("25_hitf2")
metadata/_physical_skeleton_owned = true
metadata/_custom_type_script = "uid://bgi016jncnd26"
metadata/_edit_lock_ = true

[node name="PartMesh" type="MeshInstance3D" parent="big_crawler/Skeleton3D/ChainRootNode/FrontLeftChain/FemurPartFLBR" unique_id=1738062966]
transform = Transform3D(1, 0, 0, 0, 1, 0, 0, 0, 1, 0, 0.155, 0)
mesh = ExtResource("21_omih1")
metadata/_physical_skeleton_owned = true

[node name="CollisionShape3D" type="CollisionShape3D" parent="big_crawler/Skeleton3D/ChainRootNode/FrontLeftChain/FemurPartFLBR" unique_id=1079240292]
transform = Transform3D(1, 0, 0, 0, 1, 0, 0, 0, 1, 0, 0.155, 0)
shape = ExtResource("22_dmr5u")
metadata/_physical_skeleton_owned = true

[node name="BoneJoint" type="Generic6DOFJoint3D" parent="big_crawler/Skeleton3D/ChainRootNode/FrontLeftChain/FemurPartFLBR" unique_id=1323538600]
node_a = NodePath("../../../../../..")
node_b = NodePath("..")
angular_limit_z/upper_angle = 0.2617993877991466
angular_limit_z/lower_angle = -0.6108652381980182
metadata/_physical_skeleton_owned = true
metadata/_part_bone_joint = true
metadata/_edit_lock_ = true
metadata/_part_break_force = 500.0

[node name="TibiaPartFLBR" type="RigidBody3D" parent="big_crawler/Skeleton3D/ChainRootNode/FrontLeftChain" unique_id=823382832]
transform = Transform3D(0.8090155752860068, -0.42682004948884245, 0.40412676761010735, 8.760612206988665e-08, 0.6875393259617616, 0.7261471443557697, -0.5877872054958698, -0.587464314329295, 0.5562300607167572, -0.36467795573190276, 0.8200000546614017, -0.9153690385853962)
collision_mask = 51
mass = 0.5699344217038157
physics_material_override = ExtResource("18_2n4j6")
continuous_cd = true
script = ExtResource("19_hitf2")
resource = ExtResource("26_1ph6b")
part_index = 1
metadata/_physical_skeleton_owned = true
metadata/_custom_type_script = "uid://bgi016jncnd26"
metadata/_edit_lock_ = true

[node name="PartMesh" type="MeshInstance3D" parent="big_crawler/Skeleton3D/ChainRootNode/FrontLeftChain/TibiaPartFLBR" unique_id=816156460]
transform = Transform3D(1, 0, 0, 0, 1, 0, 0, 0, 1, 0, 0.365, 0)
mesh = ExtResource("24_yl080")
metadata/_physical_skeleton_owned = true

[node name="CollisionShape3D" type="CollisionShape3D" parent="big_crawler/Skeleton3D/ChainRootNode/FrontLeftChain/TibiaPartFLBR" unique_id=301272657]
transform = Transform3D(1, 0, 0, 0, 1, 0, 0, 0, 1, 0, 0.365, 0)
shape = ExtResource("25_15unk")
metadata/_physical_skeleton_owned = true

[node name="BoneJoint" type="Generic6DOFJoint3D" parent="big_crawler/Skeleton3D/ChainRootNode/FrontLeftChain/TibiaPartFLBR" unique_id=671913820]
node_a = NodePath("../../FemurPartFLBR")
node_b = NodePath("..")
angular_limit_x/upper_angle = 0.4363323129985824
angular_limit_x/lower_angle = -0.4363323129985824
metadata/_physical_skeleton_owned = true
metadata/_part_bone_joint = true
metadata/_edit_lock_ = true
metadata/_part_break_force = 300.0

[node name="TibiaBeamFLBR" type="Generic6DOFJoint3D" parent="big_crawler/Skeleton3D/ChainRootNode/FrontLeftChain/TibiaPartFLBR" unique_id=188514358]
transform = Transform3D(0.015985256077089727, 0.0065423229282726425, -0.9998508236726376, -0.932362317290417, 0.36130763106690217, -0.012542130188546052, 0.36117167785554966, 0.9324237200669689, 0.0118754103710777, 1.6653345e-16, 0.5800000000000001, 1.110223e-16)
node_a = NodePath("../../../../../..")
node_b = NodePath("..")
script = ExtResource("29_gijdl")
setting = ExtResource("30_tevyj")
body_A_offset = Vector3(-0.1729999629310944, 0.820000018584341, -0.6729999905830053)
metadata/_custom_type_script = "uid://dfvyp4ujh55gf"
metadata/_physical_skeleton_owned = true
metadata/_part_custom_index = 0

[node name="TarsusPart" type="RigidBody3D" parent="big_crawler/Skeleton3D/ChainRootNode/FrontLeftChain" unique_id=870469493]
transform = Transform3D(0.8090194832710097, -0.3701832651178344, -0.4565652482555013, -6.8709954832684095e-09, -0.7767597279980052, 0.6297970506127073, -0.5877818266056789, -0.5095180813152407, -0.6284137563142037, -0.6753789166644286, 1.3204898589641512, -1.3430101113619606)
collision_mask = 51
mass = 1.330992247179126
physics_material_override = ExtResource("18_2n4j6")
continuous_cd = true
script = ExtResource("19_hitf2")
resource = ExtResource("28_y8fkf")
part_index = 2
metadata/_physical_skeleton_owned = true
metadata/_custom_type_script = "uid://bgi016jncnd26"
metadata/_edit_lock_ = true

[node name="PartMesh" type="MeshInstance3D" parent="big_crawler/Skeleton3D/ChainRootNode/FrontLeftChain/TarsusPart" unique_id=437688010]
transform = Transform3D(1, 0, 0, 0, 1, 0, 0, 0, 1, 0, 0.85, 0)
mesh = ExtResource("29_1ph6b")
metadata/_physical_skeleton_owned = true

[node name="CollisionShape3D" type="CollisionShape3D" parent="big_crawler/Skeleton3D/ChainRootNode/FrontLeftChain/TarsusPart" unique_id=1238011529]
transform = Transform3D(1, 0, 0, 0, 1, 0, 0, 0, 1, 0, 0.8, 0)
shape = ExtResource("30_ysf54")
metadata/_physical_skeleton_owned = true

[node name="BoneJoint" type="Generic6DOFJoint3D" parent="big_crawler/Skeleton3D/ChainRootNode/FrontLeftChain/TarsusPart" unique_id=1797485871]
node_a = NodePath("../../TibiaPartFLBR")
node_b = NodePath("..")
angular_limit_x/upper_angle = 0.5672320068981543
angular_limit_x/lower_angle = -0.9162978572970258
metadata/_physical_skeleton_owned = true
metadata/_part_bone_joint = true
metadata/_edit_lock_ = true
metadata/_part_break_force = 200.0

[node name="TarsusBeamJoint" type="Generic6DOFJoint3D" parent="big_crawler/Skeleton3D/ChainRootNode/FrontLeftChain/TarsusPart" unique_id=169483626]
transform = Transform3D(1.2297043715525646e-06, -8.942961163826979e-07, -0.9999999999988441, -0.9650282257676612, -0.2621459964806123, -9.522632812286602e-07, -0.2621459964794576, 0.9650282257677167, -1.1853830723107528e-06, -2.220446e-16, 1.3600000000000003, 4.440892e-16)
node_a = NodePath("../../TibiaPartFLBR")
node_b = NodePath("..")
script = ExtResource("29_gijdl")
setting = ExtResource("34_15unk")
metadata/_custom_type_script = "uid://dfvyp4ujh55gf"
metadata/_physical_skeleton_owned = true
metadata/_part_custom_index = 0

[node name="FrontRightChain" type="Node3D" parent="big_crawler/Skeleton3D/ChainRootNode" unique_id=1614486807 node_paths=PackedStringArray("ik_node")]
script = ExtResource("17_ksujv")
resource = ExtResource("8_c7gij")
ik_node = NodePath("../../IKModifier")
ik_setting = 1
metadata/_physical_skeleton_owned = true
metadata/_custom_type_script = "uid://bby5w01y4paxl"
metadata/_edit_lock_ = true
metadata/_physical_chain_resource_id = 1197917457155212566

[node name="FemurPartFRBL" type="RigidBody3D" parent="big_crawler/Skeleton3D/ChainRootNode/FrontRightChain" unique_id=1030394447]
transform = Transform3D(0.784356720308211, 0.6203100316030258, -3.798303473408195e-17, 0, 6.123233995736766e-17, 1, 0.6203100316030258, -0.784356720308211, 4.802799734575832e-17, 0.1729999629310944, 0.820000018584341, -0.6729999905830053)
collision_mask = 51
mass = 0.241930473974201
physics_material_override = ExtResource("18_2n4j6")
continuous_cd = true
script = ExtResource("19_hitf2")
resource = ExtResource("32_2n4j6")
metadata/_physical_skeleton_owned = true
metadata/_custom_type_script = "uid://bgi016jncnd26"
metadata/_edit_lock_ = true

[node name="PartMesh" type="MeshInstance3D" parent="big_crawler/Skeleton3D/ChainRootNode/FrontRightChain/FemurPartFRBL" unique_id=299808894]
transform = Transform3D(1, 0, 0, 0, 1, 0, 0, 0, 1, 0, 0.155, 0)
mesh = ExtResource("21_omih1")
metadata/_physical_skeleton_owned = true

[node name="CollisionShape3D" type="CollisionShape3D" parent="big_crawler/Skeleton3D/ChainRootNode/FrontRightChain/FemurPartFRBL" unique_id=959121040]
transform = Transform3D(1, 0, 0, 0, 1, 0, 0, 0, 1, 0, 0.155, 0)
shape = ExtResource("22_dmr5u")
metadata/_physical_skeleton_owned = true

[node name="BoneJoint" type="Generic6DOFJoint3D" parent="big_crawler/Skeleton3D/ChainRootNode/FrontRightChain/FemurPartFRBL" unique_id=623275057]
node_a = NodePath("../../../../../..")
node_b = NodePath("..")
angular_limit_z/upper_angle = 0.6108652381980182
angular_limit_z/lower_angle = -0.2617993877991466
metadata/_physical_skeleton_owned = true
metadata/_part_bone_joint = true
metadata/_edit_lock_ = true
metadata/_part_break_force = 500.0

[node name="TibiaPartFRBL" type="RigidBody3D" parent="big_crawler/Skeleton3D/ChainRootNode/FrontRightChain" unique_id=1013846126]
transform = Transform3D(0.8090155752860068, 0.42682004948884245, -0.40412676761010735, -8.760612206988665e-08, 0.6875393259617616, 0.7261471443557697, 0.5877872054958698, -0.587464314329295, 0.5562300607167572, 0.36467795573190276, 0.8200000546614017, -0.9153690385853962)
collision_mask = 51
mass = 0.5699344217038157
physics_material_override = ExtResource("18_2n4j6")
continuous_cd = true
script = ExtResource("19_hitf2")
resource = ExtResource("36_a6782")
part_index = 1
metadata/_physical_skeleton_owned = true
metadata/_custom_type_script = "uid://bgi016jncnd26"
metadata/_edit_lock_ = true

[node name="PartMesh" type="MeshInstance3D" parent="big_crawler/Skeleton3D/ChainRootNode/FrontRightChain/TibiaPartFRBL" unique_id=1013940099]
transform = Transform3D(1, 0, 0, 0, 1, 0, 0, 0, 1, 0, 0.365, 0)
mesh = ExtResource("24_yl080")
metadata/_physical_skeleton_owned = true

[node name="CollisionShape3D" type="CollisionShape3D" parent="big_crawler/Skeleton3D/ChainRootNode/FrontRightChain/TibiaPartFRBL" unique_id=469698770]
transform = Transform3D(1, 0, 0, 0, 1, 0, 0, 0, 1, 0, 0.365, 0)
shape = ExtResource("25_15unk")
metadata/_physical_skeleton_owned = true

[node name="BoneJoint" type="Generic6DOFJoint3D" parent="big_crawler/Skeleton3D/ChainRootNode/FrontRightChain/TibiaPartFRBL" unique_id=1261391517]
node_a = NodePath("../../FemurPartFRBL")
node_b = NodePath("..")
angular_limit_x/upper_angle = 0.4363323129985824
angular_limit_x/lower_angle = -0.4363323129985824
metadata/_physical_skeleton_owned = true
metadata/_part_bone_joint = true
metadata/_edit_lock_ = true
metadata/_part_break_force = 300.0

[node name="TibiaBeamFRBL" type="Generic6DOFJoint3D" parent="big_crawler/Skeleton3D/ChainRootNode/FrontRightChain/TibiaPartFRBL" unique_id=1669527688]
transform = Transform3D(-0.015985256077089727, -0.0065423229282726425, -0.9998508236726376, -0.932362317290417, 0.36130763106690217, 0.012542130188546052, 0.36117167785554966, 0.9324237200669689, -0.0118754103710777, -1.6653345e-16, 0.5800000000000001, 1.110223e-16)
node_a = NodePath("../../../../../..")
node_b = NodePath("..")
script = ExtResource("29_gijdl")
setting = ExtResource("30_gijdl")
body_A_offset = Vector3(0.1729999629310944, 0.820000018584341, -0.6729999905830053)
metadata/_custom_type_script = "uid://dfvyp4ujh55gf"
metadata/_physical_skeleton_owned = true
metadata/_part_custom_index = 0

[node name="TarsusPart" type="RigidBody3D" parent="big_crawler/Skeleton3D/ChainRootNode/FrontRightChain" unique_id=1213399416]
transform = Transform3D(0.8090194832710097, 0.3701832651178344, 0.4565652482555013, 6.8709954832684095e-09, -0.7767597279980052, 0.6297970506127073, 0.5877818266056789, -0.5095180813152407, -0.6284137563142037, 0.6753789166644286, 1.3204898589641512, -1.3430101113619606)
collision_mask = 51
mass = 1.330992247179126
physics_material_override = ExtResource("18_2n4j6")
continuous_cd = true
script = ExtResource("19_hitf2")
resource = ExtResource("28_y8fkf")
part_index = 2
metadata/_physical_skeleton_owned = true
metadata/_custom_type_script = "uid://bgi016jncnd26"
metadata/_edit_lock_ = true

[node name="PartMesh" type="MeshInstance3D" parent="big_crawler/Skeleton3D/ChainRootNode/FrontRightChain/TarsusPart" unique_id=1224785862]
transform = Transform3D(1, 0, 0, 0, 1, 0, 0, 0, 1, 0, 0.85, 0)
mesh = ExtResource("29_1ph6b")
metadata/_physical_skeleton_owned = true

[node name="CollisionShape3D" type="CollisionShape3D" parent="big_crawler/Skeleton3D/ChainRootNode/FrontRightChain/TarsusPart" unique_id=240603828]
transform = Transform3D(1, 0, 0, 0, 1, 0, 0, 0, 1, 0, 0.8, 0)
shape = ExtResource("30_ysf54")
metadata/_physical_skeleton_owned = true

[node name="BoneJoint" type="Generic6DOFJoint3D" parent="big_crawler/Skeleton3D/ChainRootNode/FrontRightChain/TarsusPart" unique_id=2037688961]
node_a = NodePath("../../TibiaPartFRBL")
node_b = NodePath("..")
angular_limit_x/upper_angle = 0.5672320068981543
angular_limit_x/lower_angle = -0.9162978572970258
metadata/_physical_skeleton_owned = true
metadata/_part_bone_joint = true
metadata/_edit_lock_ = true
metadata/_part_break_force = 200.0

[node name="TarsusBeamJoint" type="Generic6DOFJoint3D" parent="big_crawler/Skeleton3D/ChainRootNode/FrontRightChain/TarsusPart" unique_id=1496234733]
transform = Transform3D(-1.2297043715525646e-06, 8.942961163826979e-07, -0.9999999999988441, -0.9650282257676612, -0.2621459964806123, 9.522632812286602e-07, -0.2621459964794576, 0.9650282257677167, 1.1853830723107528e-06, 2.220446e-16, 1.3600000000000003, 4.440892e-16)
node_a = NodePath("../../TibiaPartFRBL")
node_b = NodePath("..")
script = ExtResource("29_gijdl")
setting = ExtResource("34_15unk")
metadata/_custom_type_script = "uid://dfvyp4ujh55gf"
metadata/_physical_skeleton_owned = true
metadata/_part_custom_index = 0

[node name="MiddleLeftChain" type="Node3D" parent="big_crawler/Skeleton3D/ChainRootNode" unique_id=1932967821 node_paths=PackedStringArray("ik_node")]
script = ExtResource("17_ksujv")
resource = ExtResource("9_t7n8w")
ik_node = NodePath("../../IKModifier")
ik_setting = 2
metadata/_physical_skeleton_owned = true
metadata/_custom_type_script = "uid://bby5w01y4paxl"
metadata/_edit_lock_ = true
metadata/_physical_chain_resource_id = 4662517947417727382

[node name="FemurPartML" type="RigidBody3D" parent="big_crawler/Skeleton3D/ChainRootNode/MiddleLeftChain" unique_id=1806829887]
transform = Transform3D(-1.7159081505107705e-07, -0.9999999999999852, 6.123233995736676e-17, 0, 6.123233995736766e-17, 1, -0.9999999999999852, 1.7159081505107705e-07, -1.050690712076935e-23, -0.15000001963246493, 0.8199999775042561, 2.8673026472508733e-08)
collision_mask = 51
mass = 0.2420174290629674
physics_material_override = ExtResource("18_2n4j6")
continuous_cd = true
script = ExtResource("19_hitf2")
resource = ExtResource("33_hitf2")
metadata/_physical_skeleton_owned = true
metadata/_custom_type_script = "uid://bgi016jncnd26"
metadata/_edit_lock_ = true

[node name="PartMesh" type="MeshInstance3D" parent="big_crawler/Skeleton3D/ChainRootNode/MiddleLeftChain/FemurPartML" unique_id=1895608192]
transform = Transform3D(1, 0, 0, 0, 1, 0, 0, 0, 1, 0, 0.155, 0)
mesh = ExtResource("21_omih1")
metadata/_physical_skeleton_owned = true

[node name="CollisionShape3D" type="CollisionShape3D" parent="big_crawler/Skeleton3D/ChainRootNode/MiddleLeftChain/FemurPartML" unique_id=1879516445]
transform = Transform3D(1, 0, 0, 0, 1, 0, 0, 0, 1, 0, 0.155, 0)
shape = ExtResource("22_dmr5u")
metadata/_physical_skeleton_owned = true

[node name="BoneJoint" type="Generic6DOFJoint3D" parent="big_crawler/Skeleton3D/ChainRootNode/MiddleLeftChain/FemurPartML" unique_id=410853882]
node_a = NodePath("../../../../../..")
node_b = NodePath("..")
angular_limit_z/upper_angle = 0.5148721293383332
angular_limit_z/lower_angle = -0.2705260340591152
metadata/_physical_skeleton_owned = true
metadata/_part_bone_joint = true
metadata/_edit_lock_ = true
metadata/_part_break_force = 500.0

[node name="TibiaPartML" type="RigidBody3D" parent="big_crawler/Skeleton3D/ChainRootNode/MiddleLeftChain" unique_id=1259086693]
transform = Transform3D(-1.5110055404063195e-07, -0.7261474529281385, 0.6875390000617814, -4.6704095214031276e-08, 0.6875390000617936, 0.7261474529281411, -0.9999999999999875, 7.761039553039055e-08, -1.3780158361486116e-07, -0.4591290561935918, 0.8199999785885815, 8.171672966359552e-08)
collision_mask = 51
mass = 0.569908206461339
physics_material_override = ExtResource("18_2n4j6")
continuous_cd = true
script = ExtResource("19_hitf2")
resource = ExtResource("39_6v3m6")
part_index = 1
metadata/_physical_skeleton_owned = true
metadata/_custom_type_script = "uid://bgi016jncnd26"
metadata/_edit_lock_ = true

[node name="PartMesh" type="MeshInstance3D" parent="big_crawler/Skeleton3D/ChainRootNode/MiddleLeftChain/TibiaPartML" unique_id=2081474431]
transform = Transform3D(1, 0, 0, 0, 1, 0, 0, 0, 1, 0, 0.365, 0)
mesh = ExtResource("24_yl080")
metadata/_physical_skeleton_owned = true

[node name="CollisionShape3D" type="CollisionShape3D" parent="big_crawler/Skeleton3D/ChainRootNode/MiddleLeftChain/TibiaPartML" unique_id=804379489]
transform = Transform3D(1, 0, 0, 0, 1, 0, 0, 0, 1, 0, 0.365, 0)
shape = ExtResource("25_15unk")
metadata/_physical_skeleton_owned = true

[node name="BoneJoint" type="Generic6DOFJoint3D" parent="big_crawler/Skeleton3D/ChainRootNode/MiddleLeftChain/TibiaPartML" unique_id=974497116]
node_a = NodePath("../../FemurPartML")
node_b = NodePath("..")
angular_limit_x/upper_angle = 0.4363323129985824
angular_limit_x/lower_angle = -0.4363323129985824
metadata/_physical_skeleton_owned = true
metadata/_part_bone_joint = true
metadata/_edit_lock_ = true
metadata/_part_break_force = 300.0

[node name="TibiaBeamML" type="Generic6DOFJoint3D" parent="big_crawler/Skeleton3D/ChainRootNode/MiddleLeftChain/TibiaPartML" unique_id=1605293499]
transform = Transform3D(2.1085245282811114e-09, -4.959883373265834e-08, -0.9999999999999987, -0.9324150921767568, 0.361389119760141, -1.989049895616918e-08, 0.3613891197601414, 0.9324150921767559, -4.548470330342807e-08, 2.646978e-23, 0.58, 1.110223e-16)
node_a = NodePath("../../../../../..")
node_b = NodePath("..")
script = ExtResource("29_gijdl")
setting = ExtResource("40_x5yrr")
body_A_offset = Vector3(-0.15000001963246493, 0.8199999775042561, 2.8673026472508733e-08)
metadata/_custom_type_script = "uid://dfvyp4ujh55gf"
metadata/_physical_skeleton_owned = true
metadata/_part_custom_index = 0

[node name="TarsusPart" type="RigidBody3D" parent="big_crawler/Skeleton3D/ChainRootNode/MiddleLeftChain" unique_id=1144377780]
transform = Transform3D(-1.368669619638421e-07, -0.6297980380444905, -0.7767589273869285, -9.649914254140834e-08, -0.7767589273869239, 0.6297980380445037, -0.999999999999986, 1.6115511457216213e-07, 4.5537663924186296e-08, -0.9877238355997565, 1.3204898790910904, 1.3821276852050953e-07)
collision_mask = 51
mass = 1.3309315073328365
