[gd_scene format=3 uid="uid://chfhme16t710h"]

[ext_resource type="Script" uid="uid://gy5qwm8j5pbh" path="res://character/CharacterController.gd" id="1_3dq5s"]
[ext_resource type="PackedScene" uid="uid://bj6jpa4vhoqrd" path="res://character/crawler_bot/big_crawler.glb" id="2_2g2re"]
[ext_resource type="Texture2D" uid="uid://bs0wm5rj1jdy2" path="res://texture/dev/grid_red.png" id="2_welis"]

[sub_resource type="JointLimitationCone3D" id="JointLimitationCone3D_otx80"]
resource_name = "45deg"
angle = 0.78539816339745

[sub_resource type="JointLimitationCone3D" id="JointLimitationCone3D_6axhd"]
resource_name = "90deg"

[sub_resource type="JointLimitationCone3D" id="JointLimitationCone3D_ea62k"]
resource_name = "120deg"
angle = 2.0943951023932

[sub_resource type="SphereShape3D" id="SphereShape3D_welis"]
radius = 0.2

[sub_resource type="StandardMaterial3D" id="StandardMaterial3D_2g2re"]
albedo_texture = ExtResource("2_welis")
uv1_triplanar = true

[sub_resource type="BoxMesh" id="BoxMesh_3dq5s"]
material = SubResource("StandardMaterial3D_2g2re")
size = Vector3(0.5, 1.5, 0.2)

[sub_resource type="BoxMesh" id="BoxMesh_welis"]
material = SubResource("StandardMaterial3D_2g2re")
size = Vector3(0.06, 0.25, 0.06)

[sub_resource type="BoxMesh" id="BoxMesh_2g2re"]
material = SubResource("StandardMaterial3D_2g2re")
size = Vector3(0.1, 0.8, 0.06)

[sub_resource type="BoxMesh" id="BoxMesh_a3xbf"]
material = SubResource("StandardMaterial3D_2g2re")
size = Vector3(0.2, 1.7, 0.12)

[node name="SpiderBot" type="RigidBody3D" unique_id=461561025]
script = ExtResource("1_3dq5s")
metadata/_custom_type_script = "uid://gy5qwm8j5pbh"

[node name="big_crawler" parent="." unique_id=1739686264 instance=ExtResource("2_2g2re")]

[node name="CCDIK3D" type="CCDIK3D" parent="big_crawler/Skeleton3D" parent_id_path=PackedInt32Array(1739686264, 1180722169) index="0" unique_id=89345736]
max_iterations = 2
setting_count = 6
settings/0/target_node = NodePath("../LegTargets/FrontLeft")
settings/1/target_node = NodePath("../LegTargets/FrontRight")
settings/2/target_node = NodePath("../LegTargets/MiddleLeft")
settings/3/target_node = NodePath("../LegTargets/MiddleRight")
settings/4/target_node = NodePath("../LegTargets/BackLeft")
settings/5/target_node = NodePath("../LegTargets/BackRight")
settings/0/root_bone_name = "FrontLeftCoxa"
settings/0/root_bone = 9
settings/0/end_bone_name = "FrontLeftTarsus_leaf"
settings/0/end_bone = 13
settings/0/extend_end_bone = false
settings/0/joint_count = 5
settings/1/root_bone_name = "FrontRightCoxa"
settings/1/root_bone = 3
settings/1/end_bone_name = "FrontRightTarsus_leaf"
settings/1/end_bone = 7
settings/1/extend_end_bone = false
settings/1/joint_count = 5
settings/2/root_bone_name = "MiddleLeftCoxa"
settings/2/root_bone = 21
settings/2/end_bone_name = "MiddleLeftTarsus_leaf"
settings/2/end_bone = 25
settings/2/extend_end_bone = false
settings/2/joint_count = 5
settings/3/root_bone_name = "MiddleRightCoxa"
settings/3/root_bone = 15
settings/3/end_bone_name = "MiddleRightTarsus_leaf"
settings/3/end_bone = 19
settings/3/extend_end_bone = false
settings/3/joint_count = 5
settings/4/root_bone_name = "BackLeftCoxa"
settings/4/root_bone = 27
settings/4/end_bone_name = "BackLeftTarsus_leaf"
settings/4/end_bone = 31
settings/4/extend_end_bone = false
settings/4/joint_count = 5
settings/5/root_bone_name = "BackRightCoxa"
settings/5/root_bone = 33
settings/5/end_bone_name = "BackRightTarsus_leaf"
settings/5/end_bone = 37
settings/5/extend_end_bone = false
settings/5/joint_count = 5
settings/0/joints/0/rotation_axis = 2
settings/0/joints/0/limitation = SubResource("JointLimitationCone3D_otx80")
settings/0/joints/0/limitation/right_axis = 0
settings/0/joints/0/limitation/rotation_offset = Quaternion(0, 0, 0, 1)
settings/0/joints/1/rotation_axis = 0
settings/0/joints/1/limitation = SubResource("JointLimitationCone3D_6axhd")
settings/0/joints/1/limitation/right_axis = 0
settings/0/joints/1/limitation/rotation_offset = Quaternion(0, 0, 0, 1)
settings/0/joints/2/rotation_axis = 0
settings/0/joints/2/limitation = SubResource("JointLimitationCone3D_ea62k")
settings/0/joints/2/limitation/right_axis = 0
settings/0/joints/2/limitation/rotation_offset = Quaternion(0, 0, 0, 1)
settings/0/joints/3/rotation_axis = 0
settings/0/joints/3/limitation = SubResource("JointLimitationCone3D_ea62k")
settings/0/joints/3/limitation/right_axis = 0
settings/0/joints/3/limitation/rotation_offset = Quaternion(0, 0, 0, 1)
settings/0/joints/4/rotation_axis = 3
settings/0/joints/4/limitation = null
settings/1/joints/0/rotation_axis = 2
settings/1/joints/0/limitation = SubResource("JointLimitationCone3D_otx80")
settings/1/joints/0/limitation/right_axis = 0
settings/1/joints/0/limitation/rotation_offset = Quaternion(0, 0, 0, 1)
settings/1/joints/1/rotation_axis = 0
settings/1/joints/1/limitation = SubResource("JointLimitationCone3D_6axhd")
settings/1/joints/1/limitation/right_axis = 0
settings/1/joints/1/limitation/rotation_offset = Quaternion(0, 0, 0, 1)
settings/1/joints/2/rotation_axis = 0
settings/1/joints/2/limitation = SubResource("JointLimitationCone3D_ea62k")
settings/1/joints/2/limitation/right_axis = 0
settings/1/joints/2/limitation/rotation_offset = Quaternion(0, 0, 0, 1)
settings/1/joints/3/rotation_axis = 0
settings/1/joints/3/limitation = SubResource("JointLimitationCone3D_ea62k")
settings/1/joints/3/limitation/right_axis = 0
settings/1/joints/3/limitation/rotation_offset = Quaternion(0, 0, 0, 1)
settings/1/joints/4/rotation_axis = 3
settings/1/joints/4/limitation = null
settings/2/joints/0/rotation_axis = 2
settings/2/joints/0/limitation = SubResource("JointLimitationCone3D_otx80")
settings/2/joints/0/limitation/right_axis = 0
settings/2/joints/0/limitation/rotation_offset = Quaternion(0, 0, 0, 1)
settings/2/joints/1/rotation_axis = 0
settings/2/joints/1/limitation = SubResource("JointLimitationCone3D_6axhd")
settings/2/joints/1/limitation/right_axis = 0
settings/2/joints/1/limitation/rotation_offset = Quaternion(0, 0, 0, 1)
settings/2/joints/2/rotation_axis = 0
settings/2/joints/2/limitation = SubResource("JointLimitationCone3D_ea62k")
settings/2/joints/2/limitation/right_axis = 0
settings/2/joints/2/limitation/rotation_offset = Quaternion(0, 0, 0, 1)
settings/2/joints/3/rotation_axis = 0
settings/2/joints/3/limitation = SubResource("JointLimitationCone3D_ea62k")
settings/2/joints/3/limitation/right_axis = 0
settings/2/joints/3/limitation/rotation_offset = Quaternion(0, 0, 0, 1)
settings/2/joints/4/rotation_axis = 3
settings/2/joints/4/limitation = null
settings/3/joints/0/rotation_axis = 2
settings/3/joints/0/limitation = SubResource("JointLimitationCone3D_otx80")
settings/3/joints/0/limitation/right_axis = 0
settings/3/joints/0/limitation/rotation_offset = Quaternion(0, 0, 0, 1)
settings/3/joints/1/rotation_axis = 0
settings/3/joints/1/limitation = SubResource("JointLimitationCone3D_6axhd")
settings/3/joints/1/limitation/right_axis = 0
settings/3/joints/1/limitation/rotation_offset = Quaternion(0, 0, 0, 1)
settings/3/joints/2/rotation_axis = 0
settings/3/joints/2/limitation = SubResource("JointLimitationCone3D_ea62k")
settings/3/joints/2/limitation/right_axis = 0
settings/3/joints/2/limitation/rotation_offset = Quaternion(0, 0, 0, 1)
settings/3/joints/3/rotation_axis = 0
settings/3/joints/3/limitation = SubResource("JointLimitationCone3D_ea62k")
settings/3/joints/3/limitation/right_axis = 0
settings/3/joints/3/limitation/rotation_offset = Quaternion(0, 0, 0, 1)
settings/3/joints/4/rotation_axis = 3
settings/3/joints/4/limitation = null
settings/4/joints/0/rotation_axis = 2
settings/4/joints/0/limitation = SubResource("JointLimitationCone3D_otx80")
settings/4/joints/0/limitation/right_axis = 0
settings/4/joints/0/limitation/rotation_offset = Quaternion(0, 0, 0, 1)
settings/4/joints/1/rotation_axis = 0
settings/4/joints/1/limitation = SubResource("JointLimitationCone3D_6axhd")
settings/4/joints/1/limitation/right_axis = 0
settings/4/joints/1/limitation/rotation_offset = Quaternion(0, 0, 0, 1)
settings/4/joints/2/rotation_axis = 0
settings/4/joints/2/limitation = SubResource("JointLimitationCone3D_ea62k")
settings/4/joints/2/limitation/right_axis = 0
settings/4/joints/2/limitation/rotation_offset = Quaternion(0, 0, 0, 1)
settings/4/joints/3/rotation_axis = 0
settings/4/joints/3/limitation = SubResource("JointLimitationCone3D_ea62k")
settings/4/joints/3/limitation/right_axis = 0
settings/4/joints/3/limitation/rotation_offset = Quaternion(0, 0, 0, 1)
settings/4/joints/4/rotation_axis = 3
settings/4/joints/4/limitation = null
settings/5/joints/0/rotation_axis = 2
settings/5/joints/0/limitation = SubResource("JointLimitationCone3D_otx80")
settings/5/joints/0/limitation/right_axis = 0
settings/5/joints/0/limitation/rotation_offset = Quaternion(0, 0, 0, 1)
settings/5/joints/1/rotation_axis = 0
settings/5/joints/1/limitation = SubResource("JointLimitationCone3D_6axhd")
settings/5/joints/1/limitation/right_axis = 0
settings/5/joints/1/limitation/rotation_offset = Quaternion(0, 0, 0, 1)
settings/5/joints/2/rotation_axis = 0
settings/5/joints/2/limitation = SubResource("JointLimitationCone3D_ea62k")
settings/5/joints/2/limitation/right_axis = 0
settings/5/joints/2/limitation/rotation_offset = Quaternion(0, 0, 0, 1)
settings/5/joints/3/rotation_axis = 0
settings/5/joints/3/limitation = SubResource("JointLimitationCone3D_ea62k")
settings/5/joints/3/limitation/right_axis = 0
settings/5/joints/3/limitation/rotation_offset = Quaternion(0, 0, 0, 1)
settings/5/joints/4/rotation_axis = 3
settings/5/joints/4/limitation = null

[node name="LegTargets" type="Node3D" parent="big_crawler/Skeleton3D" parent_id_path=PackedInt32Array(1739686264, 1180722169) index="1" unique_id=43553780]

[node name="FrontLeft" type="Marker3D" parent="big_crawler/Skeleton3D/LegTargets" unique_id=910499760]
transform = Transform3D(1, 0, 0, 0, 1, 0, 0, 0, 1, -1.305, 0, -2.21)

[node name="FrontRight" type="Marker3D" parent="big_crawler/Skeleton3D/LegTargets" unique_id=1490999037]
transform = Transform3D(1, 0, 0, 0, 1, 0, 0, 0, 1, 1.305, 0, -2.21)

[node name="MiddleLeftCast" type="ShapeCast3D" parent="big_crawler/Skeleton3D/LegTargets" unique_id=1197310677]
transform = Transform3D(1, 0, 0, 0, 1, 0, 0, 0, 1, 0, 0.9, 0)
shape = SubResource("SphereShape3D_welis")
target_position = Vector3(-1.2, -0.9, 0)
metadata/_edit_group_ = true

[node name="Marker3D" type="Marker3D" parent="big_crawler/Skeleton3D/LegTargets/MiddleLeftCast" unique_id=169427560]

[node name="MiddleLeft" type="Marker3D" parent="big_crawler/Skeleton3D/LegTargets" unique_id=2090500044]
transform = Transform3D(1, 0, 0, 0, 1, 0, 0, 0, 1, -2.06, 0, 0)

[node name="MiddleRight" type="Marker3D" parent="big_crawler/Skeleton3D/LegTargets" unique_id=781596054]
transform = Transform3D(1, 0, 0, 0, 1, 0, 0, 0, 1, 2.06, 0, 0)

[node name="BackLeft" type="Marker3D" parent="big_crawler/Skeleton3D/LegTargets" unique_id=68948370]
transform = Transform3D(1, 0, 0, 0, 1, 0, 0, 0, 1, -1.305, 0, 2.21)

[node name="BackRight" type="Marker3D" parent="big_crawler/Skeleton3D/LegTargets" unique_id=568795891]
transform = Transform3D(1, 0, 0, 0, 1, 0, 0, 0, 1, 1.305, 0, 2.21)

[node name="LowerSection" type="ModifierBoneTarget3D" parent="big_crawler/Skeleton3D" parent_id_path=PackedInt32Array(1739686264, 1180722169) index="2" unique_id=920247470]
transform = Transform3D(1, 0, 0, 0, 0, 1, 0, -1, 0, 0, 0.9, 0.5)
bone_name = "LowerSection"
bone = 0

[node name="box" type="MeshInstance3D" parent="big_crawler/Skeleton3D/LowerSection" unique_id=1883146133]
transform = Transform3D(1, 0, 0, 0, 1, 0, 0, 0, 1, 0, 0.5, 0)
mesh = SubResource("BoxMesh_3dq5s")

[node name="FrontRightFemur" type="ModifierBoneTarget3D" parent="big_crawler/Skeleton3D" parent_id_path=PackedInt32Array(1739686264, 1180722169) index="3" unique_id=213773035]
transform = Transform3D(0.8090179, 0.5387127, 0.2351138, 0, -0.40000045, 0.9165148, 0.58778390027638, -0.74147695, -0.3236075231559, 0.2299999, 0.8199999, -0.7300001)
bone_name = "FrontRightFemur"
bone = 4

[node name="box" type="MeshInstance3D" parent="big_crawler/Skeleton3D/FrontRightFemur" unique_id=2099895246]
transform = Transform3D(1, 0, 0, 0, 1, 0, 0, 0, 1, 0, 0.125, 0)
mesh = SubResource("BoxMesh_welis")

[node name="FrontRightTibia" type="ModifierBoneTarget3D" parent="big_crawler/Skeleton3D" parent_id_path=PackedInt32Array(1739686264, 1180722169) index="4" unique_id=446306188]
transform = Transform3D(0.80901549499028, 0.3883761341592, -0.44120029314648, 0, 0.75061230207403, 0.66074268863574, 0.5877872, -0.53455109420431, 0.60725701781726, 0.3646779, 0.72, -0.915369)
bone_name = "FrontRightTibia"
bone = 5

[node name="box" type="MeshInstance3D" parent="big_crawler/Skeleton3D/FrontRightTibia" unique_id=285335069]
transform = Transform3D(1, 0, 0, 0, 1, 0, 0, 0, 1, 0, 0.4, 0)
mesh = SubResource("BoxMesh_2g2re")

[node name="FrontRightTarsus" type="ModifierBoneTarget3D" parent="big_crawler/Skeleton3D" parent_id_path=PackedInt32Array(1739686264, 1180722169) index="5" unique_id=145349629]
transform = Transform3D(0.80901941487236, 0.37018324986314, 0.45656501349642, 0, -0.77675946014115, 0.62979709043809, 0.58778171545532, -0.50951820002248, -0.6284134691643, 0.6753789, 1.3204899, -1.3430099)
bone_name = "FrontRightTarsus"
bone = 6

[node name="box" type="MeshInstance3D" parent="big_crawler/Skeleton3D/FrontRightTarsus" unique_id=841348793]
transform = Transform3D(1, 0, 0, 0, 1, 0, 0, 0, 1, 0, 0.85, 0)
mesh = SubResource("BoxMesh_a3xbf")

[node name="FrontLeftFemur" type="ModifierBoneTarget3D" parent="big_crawler/Skeleton3D" parent_id_path=PackedInt32Array(1739686264, 1180722169) index="6" unique_id=141929963]
transform = Transform3D(0.8090177091377, -0.53871296048148, -0.23511359, 0, -0.39999993266525, 0.91651509293903, -0.58778406321176, -0.74147695, -0.3236071, -0.2299999, 0.82, -0.7299999)
bone_name = "FrontLeftFemur"
bone = 10

[node name="box" type="MeshInstance3D" parent="big_crawler/Skeleton3D/FrontLeftFemur" unique_id=556500764]
transform = Transform3D(1, 0, 0, 0, 1, 0, 0, 0, 1, 0, 0.125, 0)
mesh = SubResource("BoxMesh_welis")

[node name="FrontLeftTibia" type="ModifierBoneTarget3D" parent="big_crawler/Skeleton3D" parent_id_path=PackedInt32Array(1739686264, 1180722169) index="7" unique_id=1406494824]
transform = Transform3D(0.80901542965331, -0.38837622670176, 0.44120019095215, 0, 0.75061217287503, 0.66074284592403, -0.5877872006493, -0.53455118759696, 0.60725684107218, -0.364678, 0.7200002, -0.915369)
bone_name = "FrontLeftTibia"
bone = 11

[node name="box" type="MeshInstance3D" parent="big_crawler/Skeleton3D/FrontLeftTibia" unique_id=395908333]
transform = Transform3D(1, 0, 0, 0, 1, 0, 0, 0, 1, 0, 0.4, 0)
mesh = SubResource("BoxMesh_2g2re")

[node name="FrontLeftTarsus" type="ModifierBoneTarget3D" parent="big_crawler/Skeleton3D" parent_id_path=PackedInt32Array(1739686264, 1180722169) index="8" unique_id=798975725]
transform = Transform3D(0.80901934600231, -0.37018321444923, -0.45656515042057, 0, -0.77675959581532, 0.62979695211329, -0.58778181024766, -0.50951783119854, -0.62841366051543, -0.6753791, 1.3204899, -1.3430101)
bone_name = "FrontLeftTarsus"
bone = 12

[node name="box" type="MeshInstance3D" parent="big_crawler/Skeleton3D/FrontLeftTarsus" unique_id=1690964555]
transform = Transform3D(1, 0, 0, 0, 1, 0, 0, 0, 1, 0, 0.85, 0)
mesh = SubResource("BoxMesh_a3xbf")

[node name="MiddleRightFemur" type="ModifierBoneTarget3D" parent="big_crawler/Skeleton3D" parent_id_path=PackedInt32Array(1739686264, 1180722169) index="9" unique_id=423662255]
transform = Transform3D(0, 0.91651518162369, 0.39999977714673, 0, -0.39999975330489, 0.91651523, 1, 0, 0, 0.23, 0.82, 0)
bone_name = "MiddleRightFemur"
bone = 16

[node name="box" type="MeshInstance3D" parent="big_crawler/Skeleton3D/MiddleRightFemur" unique_id=478455766]
transform = Transform3D(1, 0, 0, 0, 1, 0, 0, 0, 1, 0, 0.125, 0)
mesh = SubResource("BoxMesh_welis")

[node name="MiddleRightTibia" type="ModifierBoneTarget3D" parent="big_crawler/Skeleton3D" parent_id_path=PackedInt32Array(1739686264, 1180722169) index="10" unique_id=1254913357]
transform = Transform3D(0, 0.66074328394367, -0.75061189211701, 0, 0.75061195141657, 0.66074327792051, 1, 0, 0, 0.4591288, 0.72, 1e-07)
bone_name = "MiddleRightTibia"
bone = 17

[node name="box" type="MeshInstance3D" parent="big_crawler/Skeleton3D/MiddleRightTibia" unique_id=408882366]
transform = Transform3D(1, 0, 0, 0, 1, 0, 0, 0, 1, 0, 0.4, 0)
mesh = SubResource("BoxMesh_2g2re")

[node name="MiddleRightTarsus" type="ModifierBoneTarget3D" parent="big_crawler/Skeleton3D" parent_id_path=PackedInt32Array(1739686264, 1180722169) index="11" unique_id=170592321]
transform = Transform3D(0, 0.6297981415131, 0.7767586, 0, -0.77675870626075, 0.62979812590833, 1, 0, 0, 0.9877236, 1.3204895, 1e-07)
bone_name = "MiddleRightTarsus"
bone = 18

[node name="box" type="MeshInstance3D" parent="big_crawler/Skeleton3D/MiddleRightTarsus" unique_id=1571598216]
transform = Transform3D(1, 0, 0, 0, 1, 0, 0, 0, 1, 0, 0.85, 0)
mesh = SubResource("BoxMesh_a3xbf")

[node name="MiddleLeftFemur" type="ModifierBoneTarget3D" parent="big_crawler/Skeleton3D" parent_id_path=PackedInt32Array(1739686264, 1180722169) index="12" unique_id=1557707387]
transform = Transform3D(0, -0.91651554812225, -0.39999961092539, 0, -0.3999996109254, 0.91651532960798, -1, 0, 0, -0.23, 0.82, 0)
bone_name = "MiddleLeftFemur"
bone = 22

[node name="box" type="MeshInstance3D" parent="big_crawler/Skeleton3D/MiddleLeftFemur" unique_id=1389553320]
transform = Transform3D(1, 0, 0, 0, 1, 0, 0, 0, 1, 0, 0.125, 0)
mesh = SubResource("BoxMesh_welis")

[node name="MiddleLeftTibia" type="ModifierBoneTarget3D" parent="big_crawler/Skeleton3D" parent_id_path=PackedInt32Array(1739686264, 1180722169) index="13" unique_id=197094913]
transform = Transform3D(0, -0.66074308651009, 0.75061231076071, 0, 0.75061205794173, 0.66074306, -1, 0, 0, -0.459129, 0.72, 1e-07)
bone_name = "MiddleLeftTibia"
bone = 23

[node name="box" type="MeshInstance3D" parent="big_crawler/Skeleton3D/MiddleLeftTibia" unique_id=1214270692]
transform = Transform3D(1, 0, 0, 0, 1, 0, 0, 0, 1, 0, 0.4, 0)
mesh = SubResource("BoxMesh_2g2re")

[node name="MiddleLeftTarsus" type="ModifierBoneTarget3D" parent="big_crawler/Skeleton3D" parent_id_path=PackedInt32Array(1739686264, 1180722169) index="14" unique_id=1909786607]
transform = Transform3D(0, -0.62979821798602, -0.7767587538702, 0, -0.77675873, 0.62979794, -1, 0, 0, -0.9877236, 1.3204899, 1e-07)
bone_name = "MiddleLeftTarsus"
bone = 24

[node name="box" type="MeshInstance3D" parent="big_crawler/Skeleton3D/MiddleLeftTarsus" unique_id=728123054]
transform = Transform3D(1, 0, 0, 0, 1, 0, 0, 0, 1, 0, 0.85, 0)
mesh = SubResource("BoxMesh_a3xbf")

[node name="BackRightFemur" type="ModifierBoneTarget3D" parent="big_crawler/Skeleton3D" parent_id_path=PackedInt32Array(1739686264, 1180722169) index="15" unique_id=2003722146]
transform = Transform3D(-0.80901788291761, 0.5387129, 0.2351138527008, 0, -0.40000048915153, 0.91651482665616, 0.58778402931648, 0.74147705563543, 0.32360752377315, 0.23, 0.82, 0.73)
bone_name = "BackRightFemur"
bone = 34

[node name="box" type="MeshInstance3D" parent="big_crawler/Skeleton3D/BackRightFemur" unique_id=1655707757]
transform = Transform3D(1, 0, 0, 0, 1, 0, 0, 0, 1, 0, 0.125, 0)
mesh = SubResource("BoxMesh_welis")

[node name="BackRightTibia" type="ModifierBoneTarget3D" parent="big_crawler/Skeleton3D" parent_id_path=PackedInt32Array(1739686264, 1180722169) index="16" unique_id=1352416718]
transform = Transform3D(-0.8090155, 0.3883761, -0.4412006, 0, 0.75061247167616, 0.66074256421562, 0.58778730030517, 0.53455100458156, -0.6072573, 0.364678, 0.7200001, 0.915369)
bone_name = "BackRightTibia"
bone = 35

[node name="box" type="MeshInstance3D" parent="big_crawler/Skeleton3D/BackRightTibia" unique_id=1908963078]
transform = Transform3D(1, 0, 0, 0, 1, 0, 0, 0, 1, 0, 0.4, 0)
mesh = SubResource("BoxMesh_2g2re")

[node name="BackRightTarsus" type="ModifierBoneTarget3D" parent="big_crawler/Skeleton3D" parent_id_path=PackedInt32Array(1739686264, 1180722169) index="17" unique_id=1959162545]
transform = Transform3D(-0.80901952206858, 0.37018335, 0.45656518270815, 0, -0.7767597, 0.62979696202999, 0.58778177320492, 0.50951818019457, 0.62841382045208, 0.6753789, 1.3204901, 1.3430098)
bone_name = "BackRightTarsus"
bone = 36

[node name="box" type="MeshInstance3D" parent="big_crawler/Skeleton3D/BackRightTarsus" unique_id=2127887918]
transform = Transform3D(1, 0, 0, 0, 1, 0, 0, 0, 1, 0, 0.85, 0)
mesh = SubResource("BoxMesh_a3xbf")

[node name="BackLeftFemur" type="ModifierBoneTarget3D" parent="big_crawler/Skeleton3D" parent_id_path=PackedInt32Array(1739686264, 1180722169) index="18" unique_id=954582355]
transform = Transform3D(-0.80901788291761, -0.5387129, -0.2351138527008, 0, -0.40000048915153, 0.91651482665616, -0.58778402931648, 0.74147705563543, 0.32360752377315, -0.23, 0.82, 0.73)
bone_name = "BackLeftFemur"
bone = 28

[node name="box" type="MeshInstance3D" parent="big_crawler/Skeleton3D/BackLeftFemur" unique_id=484139107]
transform = Transform3D(1, 0, 0, 0, 1, 0, 0, 0, 1, 0, 0.125, 0)
mesh = SubResource("BoxMesh_welis")

[node name="BackLeftTibia" type="ModifierBoneTarget3D" parent="big_crawler/Skeleton3D" parent_id_path=PackedInt32Array(1739686264, 1180722169) index="19" unique_id=483154553]
transform = Transform3D(-0.8090155, -0.3883761, 0.4412006, 0, 0.75061247167616, 0.66074256421562, -0.58778730030517, 0.53455100458156, -0.6072573, -0.364678, 0.7200001, 0.915369)
bone_name = "BackLeftTibia"
bone = 29

[node name="box" type="MeshInstance3D" parent="big_crawler/Skeleton3D/BackLeftTibia" unique_id=1091170917]
transform = Transform3D(1, 0, 0, 0, 1, 0, 0, 0, 1, 0, 0.4, 0)
mesh = SubResource("BoxMesh_2g2re")

[node name="BackLeftTarsus" type="ModifierBoneTarget3D" parent="big_crawler/Skeleton3D" parent_id_path=PackedInt32Array(1739686264, 1180722169) index="20" unique_id=709463790]
transform = Transform3D(-0.80901952206858, -0.37018335, -0.45656518270815, 0, -0.7767597, 0.62979696202999, -0.58778177320492, 0.50951818019457, 0.62841382045208, -0.6753789, 1.3204901, 1.3430098)
bone_name = "BackLeftTarsus"
bone = 30

[node name="box" type="MeshInstance3D" parent="big_crawler/Skeleton3D/BackLeftTarsus" unique_id=1514996845]
transform = Transform3D(1, 0, 0, 0, 1, 0, 0, 0, 1, 0, 0.85, 0)
mesh = SubResource("BoxMesh_a3xbf")

[editable path="big_crawler"]
